1719325,-0.03613281,0.009521484,1.02417
1719435,-0.03491211,0.01416016,1.019287
1719544,-0.03881836,0.01269531,1.012939
1719654,-0.03662109,0.01318359,1.014893
1719764,-0.03417969,0.0144043,1.013916
1719873,-0.04003906,0.01220703,1.018311
1719982,-0.03930664,0.01367188,1.017578
1720092,-0.03955078,0.01196289,1.018066
1720202,-0.03979492,0.01147461,1.021484
1720311,-0.03833008,0.01098633,1.019775
1720421,-0.03564453,0.01123047,1.02417
1720531,-0.0390625,0.01318359,1.01709
1720670,-0.03808594,0.01196289,1.020996
1720811,-0.0378418,0.01293945,1.020996
1720921,-0.03759766,0.01220703,1.020508
1721030,-0.0390625,0.01245117,1.018311
1721140,-0.03955078,0.01049805,1.022705
1721249,-0.0378418,0.01123047,1.016113
1721359,-0.0378418,0.01416016,1.018799
1721468,-0.03564453,0.01318359,1.018555
1721578,-0.03759766,0.01586914,1.016113
1721688,-0.04248047,0.01538086,1.016113
1721797,-0.04003906,0.01586914,1.021484
1721907,-0.03417969,0.01269531,1.017334
1722020,-0.03808594,0.01855469,1.024414
1722130,-0.03930664,0.01391602,1.027588
1722243,-0.03588867,0.01708984,1.015381
1722353,-0.03491211,0.01123047,1.018066
1722462,-0.0390625,0.01538086,1.020508
1722601,-0.02734375,0.01147461,1.004639
1722711,-0.03686523,0.01342773,1.016846
1722821,-0.0378418,0.01367188,1.012695
1722930,-0.03588867,0.01000977,1.023193
1723040,-0.03735352,0.01538086,1.025146
1723149,-0.04003906,0.02270508,1.020996
1723259,-0.04589844,0.06567383,1.011475
1723380,-0.07128906,0.0456543,1.033936
1723490,-0.04272461,0.01025391,1.002441
1723599,-0.03979492,0.01464844,1.018066
1723708,-0.03466797,0.0144043,1.023682
1723818,-0.04125977,0.0144043,1.0271
1723927,-0.03686523,0.01416016,1.029541
1724037,-0.03100586,-0.0078125,1.023926
1724146,0.03564453,-0.009521484,1.021729
1724256,0.01220703,0.01342773,0.8686523
1724365,-0.09863281,0.01831055,0.8676758
1724475,-0.0949707,-0.01147461,1.10083
1724584,-0.1467285,0.05273438,0.8464355
1724697,0.01123047,0.02563477,1.046387
1724807,-0.1203613,0.04785156,0.9169922
1724916,-0.08642578,-0.008544922,1.061279
1725026,-0.07055664,0.05126953,0.9804688
1725139,-0.07275391,0.0002441406,1.127197
1725249,-0.01269531,0.04272461,0.8952637
1725359,-0.1442871,-0.02246094,0.8508301
1725468,-0.1572266,-0.01660156,1.088867
1725578,-0.02978516,0.01123047,0.940918
1725690,-0.2880859,0.02319336,0.736084
1725800,-0.3686523,-0.08984375,0.9331055
1725910,-0.02929688,0.02197266,0.9182129
1726020,-0.111084,0.01318359,0.9328613
1726129,-0.1738281,-0.003662109,0.9711914
1726239,-0.1018066,0.005859375,0.8632813
1726348,-0.07495117,0.005371094,1.002197
1726458,-0.09277344,0.005371094,1.115967
1726567,-0.376709,-0.04003906,1.302002
1726676,0.6674805,-0.01269531,1.374756
1726786,0.1235352,0.04907227,0.887207
1726896,0.0002441406,-0.02001953,0.980957
1727005,-0.08764648,0.03588867,0.9472656
1727115,0.03417969,0.04541016,0.9335938
1727224,-0.05126953,0.1203613,0.6821289
1727334,-0.03417969,-0.1723633,0.9619141
1727447,-0.1015625,-0.6342773,0.7873535
1727557,-0.1027832,0.4812012,0.9431152
1727666,0.006103516,-0.07910156,1.094238
1727776,-0.0009765625,0.04711914,1.158936
1727889,0.01782227,-0.001220703,1.11792
1727998,-0.03881836,-0.01391602,1.093018
1728108,-0.06591797,0.04931641,0.8774414
1728218,-0.1096191,0.01782227,0.9763184
1728327,-0.130127,0.03076172,0.9208984
1728437,0.890625,0.06933594,0.9777832
1728546,-0.6130371,-0.145752,0.7280273
1728656,-0.208252,-0.05322266,1.080566
1728765,-1.015381,-0.1555176,0.880127
1728875,0.314209,0.003173828,0.6125488
1728984,0.03320313,-0.05932617,1.024414
1729094,-0.04443359,0.005615234,0.7524414
1729203,0.01953125,0.01489258,0.8327637
1729313,-0.09179688,-0.01464844,1.007324
1729422,-0.1552734,0.02661133,0.8276367
1729532,-0.329834,0.07910156,0.880127
1729641,-0.3393555,0.05810547,0.9523926
1729751,-0.4973145,0.07739258,0.9465332
1729861,-0.5788574,0.08227539,0.8286133
1729970,-0.4675293,0.07739258,0.9892578
1730080,-0.7946777,0.1809082,0.6008301
1730189,-0.7338867,0.2062988,0.6005859
1730329,-0.7348633,0.189209,0.390625
1730439,-0.7131348,0.1611328,0.5681152
1730548,-0.5334473,0.09204102,0.7929688
1730658,-0.3383789,0.04077148,0.7585449
1730799,-0.02099609,0.001708984,1.297363
1730909,-0.02368164,0.02270508,1.389404
1731019,0.08105469,0.005859375,1.107422
1731128,0.002929688,0.008544922,1.315186
1731238,-0.03613281,-0.02612305,1.311523
1731347,-0.09692383,0.02172852,0.9707031
1731457,-0.06811523,0.01660156,1.146973
1731567,0.02587891,-0.02148438,1.227783
1731676,-0.04614258,-0.0546875,0.8383789
1731786,0.0949707,0.08203125,0.4274902
1731895,-0.1201172,-0.05883789,1.521973
1732008,0.03222656,-0.05419922,1.408936
1732118,0.1018066,0.1928711,0.2390137
1732227,-0.246582,-0.09472656,1.885742
1732337,-0.01611328,-0.004150391,1.416992
1732446,0.1171875,0.2006836,0.1918945
1732556,-0.1369629,-0.2463379,1.999939
1732665,-0.01831055,-0.06713867,1.427734
1732775,-0.02856445,-0.02587891,1.026855
1732884,-0.1115723,-0.01928711,0.8308105
1732994,-0.3742676,-0.05249023,1.304199
1733104,0.3955078,0.05541992,0.7290039
1733217,0.6096191,0.1320801,1.032227
1733326,-0.6057129,-0.09863281,1.097168
1733436,-0.02758789,-0.01586914,1.021729
1733545,-0.02978516,0.00390625,1.039063
1733658,-0.09057617,-0.01904297,1.000977
1733768,0.02612305,-0.006103516,1.041016
1733878,-0.01049805,0.005371094,1.139648
1733987,0.552002,0.2607422,0.9887695
1734097,-0.3986816,-0.2194824,0.9995117
1734206,-0.3325195,-0.3479004,0.9458008
1734316,0.2382813,0.342041,1.078125
1734425,0.1035156,0.0769043,1.076904
1734535,-0.03808594,0.02148438,1.050293
1734644,0.3833008,0.1801758,1.122559
1734754,-0.4160156,-0.4172363,0.9311523
1734863,-0.1005859,0.01611328,0.9140625
1734980,0.1052246,0.1403809,0.9853516
1735089,-0.09448242,-0.01831055,0.9628906
1735199,-0.01000977,0.0300293,0.9753418
1735308,-0.02929688,0.0078125,1.013916
1735418,-0.03759766,0.009521484,1.015137
1735527,-0.0390625,0.01489258,1.037354
1735637,-0.03686523,0.009033203,1.026611
1735747,0.0144043,-0.08422852,1.135498
1735856,-0.03588867,0.01367188,1.02124
1735966,-0.0324707,0.01074219,1.018066
1736079,-0.03613281,0.01416016,1.018066
1736188,-0.03881836,0.01293945,1.023193
1736298,-0.0324707,0.01245117,1.024902
1736407,-0.03466797,0.01391602,1.013428
1736520,-0.03686523,0.01464844,1.015869
1736630,-0.03808594,0.01196289,1.016602
1736740,-0.03662109,0.01074219,1.016113
1736849,-0.04101563,0.004638672,1.031006
1736959,-0.03588867,0.01098633,1.015869
1737069,-0.03442383,0.01391602,1.021973
1737178,-0.03881836,0.015625,1.029297
1737288,-0.03393555,0.01757813,1.020508
1737397,-0.02807617,0.01391602,1.023193
1737507,-0.0480957,0.008544922,1.005859
1737616,-0.04052734,0.02099609,1.028809
1737726,-0.03320313,0.009765625,1.016113
1737835,-0.03735352,0.01367188,1.026123
1737945,-0.03759766,0.01416016,1.02002
1738054,-0.03686523,0.009765625,1.011475
1738164,-0.02954102,0.01513672,1.016846
1738276,-0.03735352,0.01611328,1.02002
1738386,-0.03540039,0.01245117,1.019287
