8177
8177
8177
8194
8322
8242
8033
8177
8177
8338
8177
8177
8033
8065
7969
7761
7697
7761
7601
7521
7761
7345
7585
7617
7745
7505
7681
7761
7857
7873
8177
8161
8177
8177
8338
8226
8530
8177
8177
8177
8194
8242
8177
8177
8065
7857
7745
7937
7777
7761
7217
7569
7473
7489
7553
7713
7761
7585
7729
7809
7825
7905
8177
8177
8097
8177
8258
8226
8210
8177
8177
8177
8226
8258
8161
8145
7985
7809
7777
7777
7777
7537
7521
7569
7553
7569
7745
7761
7617
7713
7969
7905
8033
8177
8177
8177
8258
8290
8386
8274
8274
8338
8226
7953
8001
8033
8001
7985
8177
8177
8177
8370
8418
8498
8386
8482
8706
8530
8466
8514
8466
8498
8658
8482
8402
8194
8322
8177
8177
8194
8001
8017
7889
8017
8033
8081
8097
7889
8033
8145
8177
8338
8226
8370
8370
8514
8482
8434
8530
8434
8482
8370
8498
8274
8242
8177
8177
8177
8097
7777
8001
7905
7809
8033
7841
7985
7937
8001
7809
7777
8145
8177
8177
8402
8258
8322
8290
8530
8546
8514
8402
8274
8274
8290
8274
8210
8242
8177
8177
8001
7953
8113
7969
7761
7777
7729
7809
7921
8081
7841
7857
7937
7889
8113
8161
8482
8177
8210
8194
8194
8322
8242
8210
8177
8129
7569
8049
7937
7889
7697
7937
7761
7777
7809
7905
7841
7857
8113
8177
8001
8274
8226
8290
8338
8306
8402
8370
8322
8274
8258
8450
8338
8290
8177
8177
8145
8001
7905
8001
8097
7601
7745
7681
7841
7873
7905
7873
7761
8049
8065
8033
8145
8370
8338
8274
8386
8514
8498
8450
8498
8354
8402
8546
8450
8210
8322
8177
8129
8145
8033
8033
7809
7793
7777
7937
8017
8065
8113
8001
8129
8177
8177
8274
8530
8418
8322
8546
8578
8754
8626
8578
8738
8402
8610
8658
8306
8290
8210
8177
8161
8177
8177
8049
7889
7841
7937
8177
8017
8161
7841
8065
8226
8145
8386
8466
8482
8546
8242
8706
8690
8658
8546
8514
8626
8722
8610
8530
8370
8177
8177
8145
8177
8177
8065
7953
8177
8145
8113
8145
8145
8081
8177
8177
8177
8386
8546
8546
8530
8562
8930
8770
8786
8626
8530
8482
8642
8738
8482
8418
8338
8386
8274
8177
8177
8177
8001
8129
8177
8129
8177
8177
8177
8177
8306
8177
8402
8578
8594
8658
8530
8802
8898
8882
8706
8594
8706
8610
8866
8626
8530
8450
8226
8177
8177
8177
8226
8017
8097
8177
8466
8210
8386
8530
8690
8546
8530
8850
8754
8866
8770
8866
8626
8706
8658
8578
8466
8434
8466
8177
8194
8210
8129
8065
8145
8177
8177
8177
8258
8113
8258
8322
8322
8594
8658
8642
8514
8594
8754
8994
8898
8802
8706
8770
8674
8770
8642
8530
8482
8242
8177
8177
8242
8242
8113
8129
8129
8161
8177
8354
8177
8177
8177
8274
8402
8658
8914
8674
8626
8706
9026
8866
8786
8738
8754
8706
8754
8850
8594
8514
8466
8338
8177
8258
8242
8161
8177
8113
8129
8113
8177
8177
8113
8177
8290
8338
8370
8530
8530
8514
8674
8962
8706
8834
8754
8770
8658
8706
9026
8402
8546
8450
8177
8177
8177
8194
8081
8017
8177
8177
8194
8194
8177
8161
8177
8194
8177
8210
8594
8594
8562
8626
8706
8850
8930
8482
8562
8578
8674
8594
8434
8354
8274
8226
8145
8177
8177
8113
7985
8161
8017
8145
8097
8033
8177
8129
8177
8177
8338
8514
8610
8322
8546
8834
8610
8706
8610
8690
8594
8738
8610
8706
8402
8290
8322
8177
8177
8177
7969
8033
8033
7937
8081
8097
8177
7969
8177
8370
8177
8434
8498
8626
8498
8514
8850
8738
8754
8642
8626
8514
8738
8658
8466
8482
8370
8177
8097
8017
8065
8177
8177
8081
8242
8177
8194
8322
8562
8530
8594
8530
8706
8802
8866
8706
8546
8530
8546
8658
8418
8274
9202
8274
8145
8177
8177
8129
7809
8097
7825
8177
8113
8177
7937
8177
8177
8177
8322
8450
8354
8466
8386
8866
8594
8642
8610
8722
8578
8514
8674
8562
8322
8450
8210
8177
8177
8177
8129
8161
7937
7921
8113
8033
8129
7937
8113
8097
8065
8258
8418
8514
8450
8450
8706
8482
8674
8498
8498
8514
8418
8642
8450
8354
8274
8226
8097
8081
8129
8097
8033
8017
7841
8081
8177
8081
7969
8065
8177
8177
8177
8434
8466
8466
8514
8530
8690
8674
8610
8482
8626
8482
8578
8578
8274
8242
8177
8033
8161
8113
8161
7873
8049
7857
8065
8129
8161
8177
7953
8177
8177
8242
8322
8658
8530
8674
8594
8834
8706
8722
8786
8578
8498
8770
8770
8514
8354
8274
8354
8161
8177
8210
8145
8113
7905
7953
8145
8145
8177
8017
8177
8290
8354
8418
8610
8530
8642
8450
9106
8834
8994
8642
8610
8786
8674
8690
8690
8594
8354
8226
8177
8226
8274
8177
8081
8081
7969
8161
8177
8177
8177
8306
8338
8290
8418
8626
8626
8658
8530
8866
8802
8834
8754
8370
8594
8674
8722
8674
8642
8962
8834
8914
8802
8914
8770
8770
8834
8578
8578
8578
8402
8226
8274
8177
8177
8065
8161
8065
8145
8129
8177
8177
8177
8514
8290
8370
8530
8530
8434
8594
8642
8882
8722
8738
8610
8802
8658
8802
8674
8546
8418
8450
8258
8177
8177
8242
8081
8033
8177
8177
8145
8226
8177
8113
8177
8370
8386
8418
8802
8722
8626
8722
8930
8898
8818
8722
8866
8706
8930
8754
8722
8706
8370
8338
8322
8177
8210
8177
8113
8177
8177
8177
8177
8177
8177
8177
8482
8322
8466
8610
8642
8610
8642
8898
8802
8850
8706
8706
8786
8834
8882
8514
8498
8546
8354
8177
8194
8177
8210
8081
8001
8161
8418
8177
8177
8081
8177
8306
8210
8482
8450
8610
8530
8594
8898
8770
8706
8786
8642
8690
8514
8706
8386
8402
8338
8194
8177
8177
8161
8081
7905
8001
7921
8177
8113
8065
8017
8033
7857
8177
8177
8514
8434
8610
8258
8658
8802
8658
8626
8578
8578
8514
8722
8610
8386
8482
8242
8177
8177
8226
8017
7905
7985
7809
8033
8097
8065
8033
8097
8097
8177
8258
8322
8386
8594
8514
8402
8642
8610
8594
8498
8466
8578
8610
8578
8370
8322
7937
7905
7953
8033
8145
8145
8033
8177
8145
8177
8290
8482
8610
8482
8530
8754
8914
8642
8722
8738
8626
8642
8690
8578
8546
8482
8290
8177
8370
8210
8177
8097
8081
8177
8177
8113
8177
8129
8177
8177
8274
8386
8594
8674
8658
8402
8738
8850
8898
8754
8706
8594
8658
8802
8834
8594
8674
8450
8226
8274
8402
8322
8161
8177
8145
8177
8194
8290
8177
8322
8258
8402
8482
8770
8946
8834
8802
8930
9058
9026
9090
8978
8962
8882
9154
8770
8834
8770
8610
8498
8017
8322
8242
8338
8290
8177
8177
8177
8177
8274
8177
8450
8402
8306
8578
8754
8882
8786
8770
8994
8866
8962
8770
8898
8834
9026
8994
8770
8642
8514
8418
8354
8274
8514
8274
8177
8177
8177
8290
8258
8322
8177
8354
8482
8514
8834
8834
8882
8850
8850
8994
9106
9010
8962
9026
8898
8914
8962
8930
8786
8578
8578
8418
8402
8546
8338
8161
8177
8177
8242
8290
8338
8194
8242
8562
8450
8738
8834
8994
8770
8706
8866
9026
8962
8914
8898
8994
8882
9090
8834
8834
8706
8530
8354
8370
8514
8290
8161
8514
8177
8177
9346
8242
8226
8386
8386
8338
8450
8530
8658
8738
8802
8818
8882
9026
8850
8754
8642
8642
8258
8290
8322
8338
8113
8161
8145
8177
8177
8177
8177
8210
8242
8386
8370
8658
8738
8850
8722
8898
8962
8770
8898
8818
8706
8914
8802
8882
8642
8610
8290
8177
8177
8274
8226
8242
8033
8081
8161
8177
8177
8290
8177
8194
8258
8338
8546
8834
8674
8610
8578
8882
8802
8914
8786
8994
8882
8738
8850
8674
8530
8546
8338
8177
8258
8210
8194
8113
8145
8129
8177
8177
8177
8177
8177
8194
8322
8514
8594
8610
8706
8594
8930
8786
8930
8770
8786
8738
8914
8914
8642
8626
8578
8546
8210
8210
8402
8194
8177
8177
8113
8242
8194
8226
8177
8177
8354
8322
8482
8690
8850
8882
8802
8914
8930
8994
9010
8898
8930
8898
8946
8930
8850
8754
8530
8177
8354
8418
8258
8177
8322
8177
8258
8370
8322
8322
8226
8402
8466
8674
8866
8930
8898
8770
9090
8930
9026
8994
8978
8962
8994
9154
9026
8962
8722
8738
8530
8402
8434
8434
8177
8226
8386
8274
8370
8418
8386
8338
8498
8418
8626
8690
8898
9106
8898
8978
9282
9170
9106
9042
8882
9026
9090
8930
9106
8754
8786
8546
8402
8418
8370
8290
8322
8194
8177
8386
8258
8450
8322
8226
8994
8978
9234
9330
9154
9010
8962
8834
9154
9010
8850
8850
8658
8450
8498
8466
8466
8322
8177
8177
8242
8290
8290
8322
8242
8354
8546
8530
8626
8882
8834
8914
8978
9090
9090
9042
9122
9026
8962
9042
8994
8898
8754
8674
8482
8594
8434
8578
8402
8177
8177
8194
8226
8274
8354
8258
8242
8482
8530
8754
8914
8962
8914
8866
9122
9186
9138
9170
8978
9010
9090
9138
8930
8898
8786
8738
8466
8514
8450
8466
8242
8177
8210
8306
8274
8434
8290
8258
8498
8514
8642
8738
8850
9042
8834
8946
9106
8994
9010
9106
9010
8882
9058
8994
8834
8834
8578
8434
8466
8290
8530
8226
8177
8210
8274
8290
8322
8290
8290
8402
8610
8770
8674
8930
9042
8754
9058
9058
9170
9218
9154
8866
8930
9042
9010
8882
8898
8818
8546
8482
8418
8418
8274
8177
8177
8177
8177
8226
8258
8210
8386
8402
8402
8578
8898
8786
8754
8834
9042
8898
9010
8914
8946
8866
8994
8962
8866
8802
8626
8610
8226
8370
8594
8290
8145
8177
8177
8210
8210
8290
8177
8338
8402
8658
8674
8978
8994
8866
8898
9106
9058
9186
9106
8946
8866
8850
9170
8914
8466
8642
8466
8418
8338
8354
8498
9042
9170
9106
9298
8962
8978
8722
8546
8418
8578
8578
8354
8274
8210
8402
8402
8418
8626
8210
8418
8658
8674
8850
8706
8978
8930
8802
9250
9154
9154
9138
9154
9234
9106
9314
8978
9090
8866
8642
8514
8482
8594
8594
8338
8450
8322
8338
8994
8402
8370
8386
8546
8674
8658
8914
9010
9138
9026
9138
9346
9266
9218
9010
9170
8978
9154
9122
9042
9090
8882
8530
8546
8610
8626
8482
8354
8338
8402
8450
8402
8386
8498
8466
8578
8738
8946
9090
9090
9122
9154
9186
9362
9314
9138
9314
9186
9362
9250
9090
9010
8866
8786
8498
8754
8722
8578
8546
8514
8754
8578
8610
8722
8530
8754
8882
8898
9058
8994
9314
9218
9346
9442
9602
9490
9490
9394
9250
9490
9394
9202
9218
9010
8962
8754
8882
9026
8850
8658
8674
8610
8770
8802
8610
8626
8882
8802
8898
8930
9106
9234
9362
9138
9570
9490
9570
9506
9426
9394
9474
9426
9282
9250
9218
9122
8898
9010
8946
8850
8642
8674
8594
8674
8594
8754
8706
8706
8946
8946
9090
9282
9250
9314
9490
9426
9714
9666
9554
9298
9314
9346
9506
9362
9138
9394
9090
8866
8866
8706
8866
8594
8370
8514
8546
8834
9090
9186
9106
9170
9218
9362
9410
9474
9506
9298
9234
9234
9378
9314
9138
9058
9058
8770
8674
8722
8690
8386
8418
8322
8418
8578
8498
8594
8482
8658
8722
8658
8930
9042
9170
8930
9186
9250
9298
9298
9234
9106
9010
9250
9218
9058
8898
8850
8722
9602
8594
8418
8402
8177
8226
8338
8482
8290
8386
8370
8210
8482
8482
8658
8914
9218
8946
8930
9042
9186
9106
8978
9122
8962
9154
9122
8962
8930
8770
8866
8882
8898
8978
9346
9138
9122
9090
9106
9074
9122
8962
8962
8898
8482
8434
8210
8482
8370
8386
8177
8338
8194
8226
8194
8322
8386
8402
8626
8514
8690
8866
8962
8850
8882
9138
9234
9138
9346
8834
9042
8994
9186
8978
8866
8850
8722
8546
8610
8498
8530
8370
8322
8258
8386
8402
8482
8370
8450
8370
8562
8978
8594
8754
8930
8962
9058
9122
9122
9282
9090
9074
8994
9282
9042
9106
8978
8674
8626
8434
8482
8370
8370
8194
8177
8177
8177
8177
8226
8177
8177
8418
8354
8514
8930
9010
8866
9026
9250
9058
9106
9106
9010
8994
9122
9154
9058
8978
8802
8706
8786
8530
8610
8466
8386
8274
8306
8514
8594
8514
8386
8658
8706
8722
8834
9298
9538
9138
9218
9074
9266
9250
8978
8962
8722
8642
8370
8578
8546
8482
8514
8322
8450
8514
8562
8562
8466
8626
8610
8738
8994
9250
9266
9010
9154
9314
9490
9362
9298
9250
9026
9282
9314
9250
9026
9122
8962
8722
8530
8658
8818
8354
8482
8354
8466
8546
8610
8450
8626
8770
8674
8946
8962
9170
9122
9250
9394
9458
9250
9282
9250
9234
9362
9378
9138
9010
9026
8786
8546
8642
8722
8722
8402
8530
8594
8482
8482
8610
8498
8626
8786
8770
8866
9170
9250
9122
9090
9170
9250
9282
9314
9410
9250
9122
9362
9170
9058
9042
8834
8738
8578
8594
8674
8322
8274
8354
8258
8434
8514
8386
8434
8610
8722
8850
8962
9154
9122
8978
9250
9282
9282
9218
9186
9106
9362
9186
9154
9058
8930
8850
8674
8626
8562
8610
8290
8466
8450
8402
8594
8610
8546
8370
8626
8866
8706
8834
9122
9186
9154
9170
9474
9170
9122
9282
9314
9122
9186
9362
9186
9154
8962
8850
8690
8626
8722
8450
8482
8386
8530
8546
8354
8450
8434
8386
8626
8738
8802
8994
9154
9122
8898
9234
9122
9362
9074
9106
9154
9234
9234
9122
8978
9042
8914
8594
8738
8882
8594
8370
8354
8386
8610
8850
8914
9362
9138
9042
9074
9506
9394
9330
8930
9058
9090
9394
9202
9218
9170
8978
8786
8626
8546
8610
8546
8402
8482
8450
8530
8610
8578
8562
8594
8754
8786
8882
9234
9218
9186
9234
9378
9410
9442
9650
9314
9266
9506
9442
9186
9122
9090
8946
8770
8818
8786
8850
8594
8546
8674
8706
8706
8722
8626
8514
8754
8850
8930
9170
9234
9266
9410
9442
10626
9298
9522
9378
9106
9154
9426
9282
9170
9186
8978
8802
8754
8658
8642
8562
8594
8418
8658
8610
8866
8690
8706
8770
8898
9234
8994
9154
9266
9154
9378
9458
9634
9394
9474
9218
9378
9474
9410
9346
9138
8914
8898
8770
8882
8866
8530
8578
8402
8546
8578
8866
8754
8642
8786
8850
8882
9170
9346
9346
9234
9218
9506
9634
9666
9362
9490
9394
9426
9538
9250
9186
9074
8674
8786
8834
8898
8610
8610
8530
8754
8642
8850
8722
8658
8818
8898
9010
9074
9346
9250
9250
9266
9570
9618
9570
9426
9506
9522
9698
9618
9346
9362
9138
8994
8882
8898
8914
8770
8850
8594
8754
8978
8850
8962
8898
8930
8946
9154
9378
9330
9474
9826
9138
9506
9634
9666
9650
9570
9490
9650
9746
9474
9442
9010
9490
9810
9698
9570
9490
9426
9618
9506
9394
9346
9250
9202
8962
9010
9106
8834
8642
8802
8642
8882
8882
8962
9138
9330
9394
9202
9474
9666
9666
9570
9618
9826
9762
9730
9746
9570
9762
9602
9746
9730
9650
9426
9410
9090
9090
9122
9026
8770
8994
8834
8850
8898
9042
8834
8786
9170
8994
9250
9282
9506
9410
9378
9474
9874
9682
9602
9666
9442
9522
9650
9746
9570
9426
9122
9250
9170
9090
9042
8914
8834
8770
8802
8850
8882
8866
8834
8754
8962
9010
9282
9570
9410
9474
9378
9746
9554
9714
9554
9506
9442
9602
9522
9426
9362
9282
9010
8914
8754
8834
8850
8914
8594
8642
8786
8866
8882
8626
8850
9106
9138
9042
9426
9362
9426
9362
9794
9730
9826
9602
9570
9474
9570
9650
9538
9426
9314
9250
8898
8914
9026
8882
8658
8834
8722
9042
9026
8962
8898
9106
9058
9058
9362
9362
9378
9522
9426
9650
9810
9682
9746
9554
9602
9666
9778
9490
9426
9490
9314
9058
9010
9186
9106
8642
8898
8882
9042
8994
9058
9010
8978
8994
9346
9298
9490
9730
9442
9506
9634
9938
9810
9890
9730
9778
9666
9778
9698
9794
9554
9442
9090
9250
9186
9234
9250
9122
9106
9266
9362
9570
9874
9874
9778
9698
9938
10210
10130
9890
9826
9826
9826
9970
9954
9634
9618
9570
9378
9282
9442
9410
9106
9058
9154
9154
9186
9218
9234
9186
9282
9394
9394
9666
9954
9826
9762
9890
10242
10130
10034
9986
10082
9858
10114
10114
9938
10002
10146
9506
9506
9522
9474
9346
9234
9538
9474
9506
9490
9442
9346
9458
9554
9426
9666
10018
9986
9890
9810
10034
10194
10114
10066
10114
10178
10002
9938
10002
10066
9746
9570
9298
9346
9474
9314
9218
9202
9378
9394
9394
9410
9218
9410
9410
9650
9762
9954
9922
9938
9954
10194
10162
10194
10274
10066
10050
10162
10066
9970
9922
9762
9554
9570
9554
9442
9490
9202
9234
9346
9410
9282
9442
9266
9314
9458
9554
9698
9794
9906
9986
9778
10146
10034
10002
10082
10050
10002
10002
10130
9874
9826
9522
9506
9490
9314
9410
9250
9218
9234
9122
9458
9442
9570
9234
10178
9426
9602
9810
9826
10018
10018
10066
9986
10258
10146
10418
10018
9970
10194
10178
10130
9922
9762
9666
9522
9410
9650
9474
9314
9410
9138
9282
9570
9442
9490
9522
9522
9618
9506
9650
9970
9954
10002
9954
10034
10050
10018
9762
9730
9490
9346
9538
9410
9522
9154
9250
9154
9234
9410
9426
9186
9378
9554
9762
9650
9858
9938
9938
9970
10034
10034
10082
10066
10146
9970
10018
10290
10114
9938
9762
9682
9570
9314
9410
9570
9250
9186
9234
9282
9186
9298
9538
9026
9650
9362
9570
9602
9922
9874
9810
9890
9986
9970
10162
9922
9874
9922
10002
9522
9746
9666
9378
9282
9410
9490
9442
9122
9106
9106
9138
9138
9186
9186
9186
9298
9474
9426
9698
10002
9778
9858
9986
10018
10114
9922
9922
9874
9906
10066
9810
9826
9762
9554
9394
9234
9442
9474
8994
9122
9058
9298
9122
9346
9138
9186
9298
9362
9602
9762
9826
9714
9746
9842
9986
9890
9906
9778
9874
9890
9986
9938
9730
9698
9490
9362
9474
9426
9314
9026
8994
8994
9122
9250
9298
9266
9058
9234
9394
9458
9618
9906
9762
9938
9778
10002
10066
10114
9858
9986
9826
10098
9922
9922
9858
9490
9426
9202
9394
9490
9474
9106
9058
9122
9298
9106
9154
9106
9106
9362
9394
9442
9778
9682
9714
9762
9906
10050
10130
10018
9938
9794
10114
9922
9826
9698
9442
9442
9234
9266
9506
9314
9250
9266
9282
9410
9490
9794
9922
9954
9554
9650
10130
9922
10114
9922
10034
9762
9906
10146
10002
9970
9522
9650
9522
9154
9490
9394
9154
9170
9186
9506
9442
9410
9314
9346
9442
9522
9858
10018
10114
9954
9890
10194
10210
10194
10242
10082
10002
10050
10434
10082
9986
9922
9746
9538
9634
9506
9666
9378
9170
9234
9362
9634
9474
9410
9506
9650
9666
9682
10034
10098
10178
9954
10290
10162
10306
10258
10002
9954
10050
10306
10050
9954
9922
9826
9426
9538
9602
9634
9170
9522
9234
9298
9394
9410
9410
9394
9730
9570
9682
9906
9858
10018
10210
10114
10114
10114
10130
10034
10034
9858
10194
9970
9874
9730
9634
9554
9618
9298
9442
9218
9186
9154
9362
9234
9298
9314
9250
9554
9426
9602
9634
9874
9826
9506
9858
10178
9890
9810
9826
9906
9906
9938
9970
9778
9714
9570
9282
9106
9234
9314
9186
9170
9058
9042
9186
9106
9154
9154
9058
9490
9474
9618
9778
9778
9602
9778
9938
10034
9986
9842
10002
9778
9826
10082
9618
9714
9570
9378
9234
9346
9234
9202
9218
9026
9122
9042
9090
9138
8962
9282
9346
9410
9522
9858
9650
9554
9746
9394
9554
9762
9954
10050
9906
10146
10114
10178
10178
10306
10114
10146
10098
10242
10114
9938
10098
9970
9490
9506
9362
9442
9218
9378
9410
9298
9506
9474
9442
9314
9522
9858
9922
9922
10146
10130
10130
10242
10290
10114
10338
10274
10258
10290
10306
10162
9810
9890
9746
9522
9458
9570
9666
9474
9490
9314
9698
9442
9762
9554
9362
9474
9618
9650
9810
9938
10034
10066
10034
10242
10258
10274
10114
10194
10034
10322
10210
10194
9986
9890
9858
9650
9714
9698
9474
9410
9298
9154
9426
9218
9554
9474
9634
9634
9666
9602
10162
10194
9986
10706
10162
10146
10418
10034
10114
10194
10130
10242
10450
10002
9986
9778
9538
9490
9698
9634
9442
9346
9330
9602
9650
9618
9346
9362
9778
9634
9986
10066
10050
10114
10050
10194
10258
10290
10306
10082
10258
10242
10402
10114
10082
9938
9826
9570
9730
9602
9810
9602
9682
9506
9554
9570
9602
9522
9346
9890
9922
9954
10034
10210
10178
10370
10482
10466
10466
10674
10370
10546
10402
10402
10370
10290
10242
10050
9810
9810
9938
9890
9634
9698
9570
9602
9762
10018
9762
9874
10530
10434
10562
10546
10786
10514
10546
10402
10562
10498
10514
10354
10258
9954
9858
9906
9986
9794
9666
9474
9570
9746
9378
9922
9762
9890
9890
10002
10018
10290
10466
10514
10338
10498
10578
10754
10690
10418
10466
10434
10770
10466
10290
10162
9986
9858
9874
9682
9922
9682
9666
9618
10034
9810
9746
9826
9730
9858
10050
9954
10370
10370
10338
10402
10434
10546
10450
10546
10482
10338
10322
10402
10674
10418
10290
10002
9858
9874
9810
9938
9602
9634
9250
9410
9650
9618
9762
9426
9682
9778
9778
9986
10194
10178
10162
10082
10402
10322
10434
10194
10514
10114
10242
10258
10242
10242
9970
9954
9746
9778
9634
9538
9362
9474
9602
9410
9650
9730
9410
9458
9634
9746
9970
9954
10162
10162
10082
10402
10274
10370
10178
10338
10322
10162
10194
10242
10018
9826
9858
9314
9506
9618
9522
9298
9266
9474
9154
9410
9442
9554
9506
9650
9538
9858
10050
10034
9954
9986
9954
10290
10098
10258
10146
10114
10082
10290
10178
9954
9954
9778
9666
9666
9682
9634
9346
9426
9362
9394
9554
9570
9410
9490
9522
9618
9810
9954
10034
10322
10210
10066
10066
10258
10114
10114
10130
9938
9730
9890
9618
9634
9362
9314
9266
9442
9522
9394
9458
9394
9618
9778
9954
9682
10242
10082
10018
10146
10498
10274
10370
11314
9986
10178
10146
10210
10082
10034
9698
9682
9730
9730
9874
9426
9410
9298
9522
9522
9762
9650
9538
9682
9650
9826
10098
10338
10146
10162
10146
10322
10402
10370
10306
10290
10130
10386
10322
10130
10114
9906
9762
9554
9634
9682
9346
9442
9442
9570
9602
9554
9490
9522
9746
9954
9922
9938
10242
10306
10162
10386
10418
10354
10338
10402
10290
10242
10418
10322
10242
10146
9938
9922
9618
9682
9922
9554
9378
9394
9522
9570
9618
9826
9554
9730
9858
9906
10018
10386
10306
10242
10322
10306
10562
10626
10386
10338
10194
10402
10466
10194
10130
10146
9858
9746
9890
9858
9730
9746
9778
9474
9650
9506
9602
9522
9698
9826
9858
10114
10274
10210
10290
10082
10402
10402
10402
10306
10370
10210
10306
10194
10146
10146
9826
9938
9618
9746
9938
9826
9506
9426
9506
9522
9778
9698
9666
9650
9746
9858
10018
10146
10306
10194
10178
10418
10434
10466
10226
9890
10130
9698
9746
9714
9666
9714
9442
9506
9474
9634
9634
9730
9410
9682
9826
9938
10146
10242
10082
10114
10130
10418
10514
10338
10418
10386
10162
10306
10370
10178
9954
10066
9874
9570
9602
9554
9794
9474
9618
9330
9474
9554
9682
9490
9602
9602
9794
9810
9666
10018
10018
10034
10114
10434
10370
10146
10114
10146
10130
10258
10050
10002
10002
9890
9426
9554
9346
9618
9154
9250
9266
9346
9250
9442
9442
9298
9266
9442
9682
9826
9954
9698
9794
10114
10018
10050
10130
10034
10130
10050
10082
10130
9890
9858
9778
9410
9586
9426
9506
9234
9170
9250
10306
9170
9410
9394
9298
9298
9458
9666
9858
9922
9922
9906
10050
10194
10082
10114
10034
10194
10066
10082
10034
9906
9826
9730
9474
9474
9506
9522
9202
9410
9218
9298
9250
9346
9362
9362
9474
9570
9554
9762
10194
10162
9938
10066
10210
10162
10338
10082
10002
9938
10258
10114
9938
9890
9874
9666
9554
9682
9634
9346
9362
9346
9410
9250
9634
9410
9410
9538
9474
9746
9874
10146
10050
9986
9954
10450
10274
10322
10162
10114
10146
10306
10082
10050
9874
9794
9602
10034
10130
10178
10274
10130
10178
10114
10098
10178
10162
10370
10082
9906
9810
9730
9634
9362
9602
9298
9250
9106
9378
9346
9394
9490
9282
9442
9490
9602
9874
10018
10002
10018
9810
10114
9986
10162
10082
9954
10050
9986
10034
9954
9922
9730
9666
9266
9346
9522
9266
9010
9122
9122
9266
9234
9378
9186
9234
9346
9506
9698
9586
9906
9826
9826
10050
10130
10130
10050
10194
10130
9874
10178
10082
9858
9730
9570
9410
9522
9442
9394
9090
9154
9154
9282
9346
9410
9330
9218
9538
9458
9618
9922
9922
9762
10066
10082
9986
10066
10258
10146
9970
9986
10194
10018
9778
9986
9538
9554
9426
9298
9522
9138
9234
9106
9394
9282
9314
9218
9266
9426
9538
9762
9794
9794
9634
9922
10114
9986
10098
10082
10114
9954
9986
10066
9906
9890
9746
9666
9378
9650
9330
9458
9090
9138
9106
9138
9250
9250
9378
9122
9314
9298
9266
9778
9874
9810
9730
9890
10130
10162
9954
10002
10034
9874
10066
10690
9746
9682
9586
9474
9314
9410
9650
9298
9298
9154
9218
9218
9266
9298
9250
9298
9490
9666
9794
9954
9826
9794
9874
10050
9986
10178
10082
9874
9650
9666
9474
9522
9538
9426
9378
9298
9346
9426
9474
9442
9298
9474
9698
9826
9890
11106
9874
9874
10194
10322
10258
10370
10306
10050
10162
10242
10258
10066
10034
9794
9618
9618
9602
9634
9474
9426
9362
9362
9506
9602
9794
9714
9698
9746
9682
9922
9970
10114
10082
10258
10386
10418
10418
10370
10418
10210
10418
10466
10274
10146
10050
9890
9826
9826
9906
9890
9682
9666
9730
9522
9618
9874
9522
9794
9602
11010
9794
10018
10306
10306
10290
10498
10466
10434
10450
10370
10370
10466
10466
10306
10258
10082
9858
9906
9810
9858
9730
9538
9634
9522
9698
9602
9762
9554
9618
10018
9890
10034
10258
10450
10402
10146
10418
10450
10562
10434
10434
10370
10290
10514
10306
10258
10242
10066
9810
9810
9890
9858
9698
9602
9602
9826
9794
9730
9666
9858
9826
10066
10146
10290
10386
10370
10338
10562
10674
10626
10514
10562
10354
10418
10482
10322
10242
10146
10050
9826
9826
9842
9890
9522
9650
9650
9618
9650
9762
9778
9682
9762
9890
10050
10194
10258
10386
10194
10290
10322
10450
10482
10290
10290
10290
10418
10402
9666
9698
9538
9442
9314
9474
9362
9650
9826
9666
9618
9666
9906
10146
9810
9986
10114
10162
10242
10242
10338
10114
10146
10066
10242
10114
9906
9954
9826
9442
9442
9522
9442
9298
9298
9218
9346
9202
9378
9346
9154
9410
9554
9538
9634
10034
10018
9906
9986
10146
10066
10226
10162
9858
9890
10130
9938
9954
9794
9666
9442
9090
9154
9394
9314
9250
9106
9266
9170
9202
9218
9154
9042
9282
9330
9602
9778
9858
9698
9730
10002
10018
10034
9858
9858
9778
9794
9970
9938
9698
9698
9666
9314
9378
9442
9282
9186
9138
9106
9154
9282
9346
9186
9378
9490
9378
9618
9874
9858
9890
9986
10146
10178
10242
10210
10050
10018
10146
10178
10066
9682
9890
9602
9570
9490
9522
9618
9266
9282
9362
9490
9442
9554
9570
9442
9730
9762
9778
10018
10034
9986
10050
10594
10418
10450
10306
10210
10162
10370
10402
10162
9986
10050
9922
9874
9746
9730
9634
9394
9490
9522
9554
9666
9826
9522
9698
9826
9986
10034
10274
10322
10194
10338
10402
10530
10514
10578
10418
10434
10466
10546
10386
10242
10258
10002
9794
9762
9954
9794
9554
9666
9570
9650
9922
10162
10386
10386
10370
10482
10642
10658
10706
10514
10466
10594
10434
10594
10674
10466
10386
10242
10082
9938
9986
10114
9826
9778
9762
9922
9858
10050
9906
10066
10050
10322
10418
10626
10546
10546
10642
10930
10706
10818
10834
10690
10706
10642
10786
10642
10498
10530
10386
9970
10290
10242
10210
9954
10130
9778
9730
9890
10066
10050
11106
10034
10082
10434
10450
10562
10642
10482
10754
10882
10754
10882
10818
10866
10674
10882
10770
10530
10498
10178
10002
10002
9922
10050
9794
9746
9762
9938
9954
9938
10082
9826
9938
10082
10210
11362
10434
10498
10514
10466
10754
10562
10690
10594
10418
10402
10594
10530
10194
10242
10034
10050
9810
9986
10018
9554
9570
9634
9666
9794
9762
9730
9762
9794
9986
9890
10306
10290
10210
10194
10162
10434
10418
10258
10370
10210
10050
10514
10210
10290
10146
10114
9858
9618
9650
9634
9442
9554
9634
9314
9618
9362
9650
9442
9634
9730
9762
9954
10114
10082
9954
10130
10386
10162
10434
10162
10242
10210
10130
10178
10066
9906
9746
9618
9458
9442
9570
9538
9106
9298
9186
9394
9666
9474
9314
9378
9506
9186
9282
9090
9410
9442
9602
9362
9394
9666
9362
9618
9922
9970
9858
9954
10162
10258
10146
10194
10146
10034
10114
10082
10082
9938
9986
9938
9474
9650
9426
9650
9330
9250
9378
9266
9554
9474
9474
9506
9426
9666
9650
9762
10082
10146
9858
10034
10402
10114
10210
10162
10242
10162
9314
9378
9602
10594
9410
9330
9634
9602
9682
9906
10146
10002
9986
10018
10034
10226
10146
10066
10034
10082
10082
10354
10194
10034
9922
9730
9506
9554
9570
9410
9282
9330
9378
9474
9490
9746
9426
9538
9570
9650
9858
10082
10130
10034
10066
10258
10306
10274
10210
10178
10242
10258
10178
10210
10050
9954
9826
9746
9634
9826
9458
9410
9554
9522
9522
9490
9714
9410
9634
9794
9698
10146
10162
10194
10178
10066
10322
10498
10338
10338
10210
10258
10178
10290
10370
10146
10002
9842
9826
9634
9810
9762
9458
9602
9570
9554
9618
9762
9714
9618
9778
9810
9922
10130
10178
10210
10066
10338
10450
10530
10466
10482
10322
10274
10450
10498
10034
9986
9794
9522
9794
9650
9746
9634
9522
9538
9602
9810
9698
10018
10242
10114
10162
10434
10450
10498
10274
10370
10258
10178
10402
10322
10338
10162
9890
9714
9666
9794
9794
9618
9634
9490
9602
9602
9666
9602
9730
9810
9650
9970
10210
10258
10722
10130
10130
10290
10482
10466
10338
10242
10290
10306
10114
10098
10082
9906
9794
9618
9314
9570
9298
9170
9282
9474
9506
9346
9490
9298
9666
9746
9474
9778
9922
9890
9938
9938
10146
10178
10162
10194
10034
9954
10018
10050
9906
9970
9746
9634
9250
9554
9554
9378
9186
9346
9138
9170
9378
9394
9266
9554
9538
9554
9858
9906
9970
9986
9874
10146
10210
10210
10082
10018
10290
10002
10034
10066
9890
9538
9618
9490
9586
9522
9490
9298
9410
9410
9570
9410
9570
9362
9474
9682
9666
9826
10050
10066
10130
10018
10114
10290
10242
10306
10146
10066
10066
10290
10594
9986
9650
9682
9602
9522
9602
9346
9298
9138
9250
9458
9474
9442
9298
9538
9570
9714
9778
10002
10194
9986
10066
10274
10258
10322
10306
10162
10178
10130
10258
10034
10194
10050
9778
9650
9666
9746
9362
9250
9266
9474
9522
9506
9618
9730
9538
9762
9778
9906
9922
10130
10034
10578
10290
10082
10370
10178
9810
9634
9570
9362
9170
9314
9122
8962
9154
8978
9042
9170
8562
8450
8722
8930
9234
9522
9938
10018
9890
10034
10290
10450
10450
10690
10450
10562
10530
10690
10818
10578
10562
10434
10290
10274
10386
10450
10290
10146
10274
10418
10482
10594
10498
10514
10514
10690
10770
10738
10962
10930
10994
10978
11202
11090
11090
10930
10946
10706
11058
10770
10802
10594
10498
10386
10370
10210
10898
9890
9922
10130
9778
9938
9922
9954
9794
9922
9874
9986
10194
10274
10146
10146
10194
10370
10386
10210
9986
9890
10050
9858
9938
9794
9570
9554
9154
9106
9154
8994
8898
8994
8786
8962
8642
8722
8914
8658
8658
8786
8978
8834
8850
8610
8418
8370
8578
8466
8402
8562
8274
8177
8145
8338
8177
8177
7969
8001
7793
7841
7905
7585
7505
7617
7425
7585
7777
7649
7521
7681
7745
7777
7713
8065
8081
8065
8129
8065
8177
8081
8017
8161
8081
7985
8001
7905
7889
7953
7569
7457
7649
7649
7681
7361
7601
7665
7377
7585
7569
7553
7729
7553
7761
7761
8017
7937
8081
8017
8097
8177
8177
8097
8129
7905
8081
8177
7985
7713
7617
7329
7617
7473
7441
7553
7697
7425
7649
7745
7825
7825
7969
8097
7553
7873
8065
8033
8081
7921
7953
7873
7809
7857
7793
7569
7553
7345
7217
7121
7137
7185
7057
6929
6929
6993
6913
7057
6833
6817
6817
6945
7073
6945
7217
7041
7009
7121
7249
7089
6961
6865
6913
6753
7073
6801
6785
6481
6321
6193
6081
6049
6097
6961
5809
5969
6033
5953
5985
5953
5681
5937
5761
5793
5953
6049
6161
5969
5857
6193
6081
5953
5937
5697
5729
5697
5601
5569
5473
5329
5249
5025
5137
5137
4977
4865
4689
4705
4865
4769
4897
4705
4785
4913
4865
4785
5057
5105
5089
5089
5281
5169
5169
5537
4897
4849
4849
4881
4785
4753
4481
4449
4353
4369
4449
4241
4257
4257
4097
4257
4257
4305
4048
4257
4401
4609
4513
4609
4673
4609
4705
4945
4897
4945
5169
4785
4673
4881
4897
4849
4609
4641
4545
4337
4369
4593
4433
4097
4401
4305
4385
4401
4481
4337
4433
4865
4673
4913
4865
5217
4881
5025
5345
5345
5297
5345
5281
5249
5297
5553
5265
5265
5201
5057
5057
5025
4929
5073
4865
4945
5249
5041
4993
5265
5185
5057
5377
5457
5505
5569
5777
5793
5905
5921
7041
6865
7009
7233
7137
7425
7313
7377
7329
7553
7489
7537
7473
7617
7489
7585
7553
7601
7521
7329
7377
7089
7137
7265
7169
6929
7041
6977
7169
7201
7457
7169
7217
7361
7409
7345
7457
7825
7633
7761
7841
7841
7697
7841
7713
7713
7569
7825
7681
7633
7569
7441
7057
6977
7265
7041
6913
6977
6817
7073
6945
7073
7121
7009
6993
7153
7249
7297
7425
7489
7473
7473
7537
7505
7521
7521
7297
7345
7521
7329
7169
7169
6993
6817
6673
6753
6801
6545
6465
6593
6545
6705
6721
6673
6593
6929
6817
7105
6945
7361
7121
7057
7313
7361
7137
7233
7073
6849
6977
7169
6913
6929
6721
6545
6529
6241
6321
6449
6177
6081
5969
6097
6209
6273
6177
6065
6161
6353
6353
6449
6609
6481
6433
6593
6737
6897
6737
6705
6705
6545
6625
6577
6609
6353
6417
6353
6033
6145
6145
6113
5905
5857
5921
5905
6081
6305
6049
6097
6225
6273
6513
6737
6657
6657
6657
6993
6865
6993
6769
6801
6849
6785
6721
6737
6673
6705
6593
6241
6225
6177
6241
6097
6033
6065
6177
6097
6337
6273
6321
6449
6497
6833
6913
6993
6913
6913
7121
7233
7089
6993
7249
6977
7249
7217
6609
6785
6673
6465
6721
6689
6833
6881
6945
6817
6833
6929
7121
7217
7457
7361
7521
7377
7889
7617
7729
7617
7441
7601
7585
7633
7457
7425
7249
7153
7025
7169
7169
7233
6833
7057
7041
7201
7201
7201
7089
7249
7345
7297
7633
7809
7889
7873
7713
7857
7937
8017
7777
8033
7761
7889
7889
7745
7665
7777
7521
7377
7345
7361
7505
7313
7249
7297
7329
7441
7457
7265
7329
7649
7441
7681
7761
7841
7745
7905
7857
8145
8033
7985
8177
8065
7905
8017
7937
7809
7777
7585
7425
7441
7329
7553
7121
7393
7249
6961
7233
7377
7105
7345
7521
8226
7521
7633
7905
7761
7905
7857
7761
7953
7857
7825
7825
7777
7873
7825
7777
7777
7425
7393
7121
7281
7377
7329
7041
7009
7153
7233
7249
7233
7057
7233
7233
7425
7569
7633
7697
7393
7585
7921
7905
7713
7601
7777
7505
7825
7729
7441
7521
7217
7169
7073
7041
7185
6993
6929
6913
6977
7249
7185
7041
6753
7009
7297
7425
7249
7553
7553
7489
7537
7841
7569
7713
7649
7537
7553
7473
7777
7425
7409
7377
7393
7057
7073
7009
6865
6913
6961
6881
6977
7009
7057
6865
7137
7345
7297
7409
7409
7617
7457
7441
7585
7633
7617
7393
7553
7377
7185
6977
7041
6993
352
2080
3072
3680
4016
4625
4417
4657
5089
5553
5665
6097
6113
6481
6481
6625
7041
7057
7217
7281
7313
7201
7489
7473
7345
7409
7329
7201
7057
7121
7137
7057
6849
6625
6849
6929
6961
7201
6785
8402
6657
6977
7201
7457
7441
7217
7281
7377
7265
7345
7121
6849
6689
6609
6753
6465
6097
6209
5633
5505
5217
5217
5201
4641
4689
4705
4625
4529
4497
4000
3936
4097
3984
4032
3632
3712
3488
3248
3296
3264
2864
2640
2176
2080
1808
1920
1488
1168
896
592
320
656
384
320
128
96
288
272
288
304
176
192
176
224
320
224
160
272
512
192
144
400
256
176
80
528
240
128
144
224
160
368
384
112
96
176
288
192
528
288
176
320
400
304
352
208
432
432
240
272
256
208
128
208
288
192
400
400
160
64
224
288
336
128
352
304
128
304
160
384
272
256
192
192
384
128
416
256
208
96
256
176
112
176
432
96
160
272
352
272
432
320
0
128
496
32
240
256
208
288
48
272
288
96
448
208
384
144
336
32
0
240
240
432
192
96
400
240
240
80
448
160
176
128
224
272
144
208
400
144
224
416
272
80
256
256
176
80
160
560
352
160
0
384
240
208
320
160
32
320
256
128
400
304
256
288
256
192
320
432
384
224
336
208
176
272
512
208
304
272
224
352
320
160
432
224
208
144
400
144
176
400
144
336
448
208
128
400
0
320
320
352
192
240
208
320
304
176
176
208
160
480
336
320
48
352
432
128
160
384
416
272
432
544
256
208
64
32
48
336
224
160
48
176
64
320
416
288
224
352
192
432
240
448
208
304
384
192
208
256
144
304
192
176
16
352
480
304
144
512
384
272
192
384
272
160
464
208
288
352
240
112
128
272
48
320
16
384
416
576
64
416
192
240
304
128
224
256
336
128
304
304
176
208
240
224
208
128
304
144
96
224
128
272
336
208
256
80
480
304
368
192
320
128
384
336
0
320
480
208
224
240
32
144
272
320
96
352
192
240
192
352
288
352
48
208
448
176
352
144
240
240
208
208
304
272
80
480
288
176
176
144
176
208
256
128
144
48
304
272
304
192
256
400
192
304
80
288
352
288
480
368
144
416
144
80
304
240
160
144
160
208
208
16
128
192
144
352
256
432
352
272
160
144
96
272
144
256
128
432
272
256
256
128
352
272
384
160
224
384
320
416
192
208
256
96
336
336
368
192
352
368
336
224
352
368
288
176
112
224
224
304
320
208
352
320
256
384
352
208
224
304
144
240
368
384
144
256
272
336
128
368
96
336
288
64
224
288
288
320
192
432
288
176
432
336
256
144
304
256
160
144
224
304
80
208
208
256
448
208
80
176
192
400
432
304
304
272
224
240
320
272
272
48
384
192
448
144
304
192
320
0
400
192
416
208
144
432
144
336
336
320
144
416
16
400
304
256
416
240
176
144
352
192
160
224
176
48
336
240
224
336
320
288
192
144
336
32
80
224
224
464
176
512
192
304
80
0
256
16
176
96
176
288
240
304
480
448
48
160
48
128
288
48
368
352
544
288
432
176
336
80
272
272
64
416
224
224
128
400
288
304
16
128
256
400
400
224
400
288
256
256
208
256
80
160
32
352
208
384
80
272
320
288
64
144
224
0
288
224
176
256
176
384
112
304
128
432
528
192
208
64
336
304
224
400
96
272
384
192
352
288
288
96
304
256
80
160
32
432
256
288
384
64
160
320
160
192
176
128
448
400
176
304
288
208
480
304
112
224
176
272
192
256
176
240
96
80
208
304
176
320
208
176
288
0
224
272
176
192
224
320
512
416
112
352
384
96
208
320
128
128
320
352
384
48
176
352
272
192
448
224
384
512
272
288
336
336
128
176
208
224
240
160
176
320
576
96
288
224
256
352
304
304
224
336
192
176
240
64
448
176
0
208
64
160
384
192
272
96
384
256
432
240
224
208
256
512
144
384
384
256
224
224
256
400
128
384
352
160
176
304
192
192
304
176
336
320
48
128
336
128
224
320
352
304
336
176
304
320
192
64
208
96
336
320
160
320
224
224
176
352
96
208
192
176
80
192
224
48
448
64
32
352
336
208
144
224
240
96
288
96
384
128
224
496
320
208
96
96
256
16
128
368
352
384
208
256
240
128
192
208
176
384
80
176
144
96
272
208
464
208
416
336
288
400
320
176
96
16
320
256
160
208
208
160
64
128
320
256
384
384
32
176
192
128
176
176
384
304
96
240
272
160
304
320
352
320
256
192
288
224
272
208
304
64
256
272
320
336
208
272
416
176
272
240
288
128
320
208
64
240
224
240
64
320
320
208
80
352
368
352
0
32
256
336
288
80
304
0
176
64
192
256
288
160
192
272
144
32
224
448
0
320
416
80
304
160
400
288
256
176
160
208
304
128
384
432
0
352
320
464
208
256
80
224
160
128
464
256
272
256
336
288
304
416
64
272
272
32
256
320
304
128
192
416
208
224
208
224
208
400
160
128
96
384
192
288
320
352
128
128
144
224
208
368
288
256
304
416
416
320
432
224
240
400
192
192
96
432
272
432
368
464
464
176
80
32
320
160
304
512
544
192
176
464
32
144
0
0
0
352
288
240
128
272
272
272
288
160
176
64
128
384
448
160
288
256
416
224
256
304
480
432
160
304
144
304
16
480
176
144
384
176
384
272
256
208
320
336
224
480
288
176
192
304
0
272
256
352
304
176
368
464
256
144
256
416
192
128
48
160
368
288
208
224
192
224
336
256
304
272
240
96
432
224
464
224
288
144
432
288
288
144
192
128
272
176
96
288
160
208
80
176
48
272
288
320
48
144
112
352
384
288
160
192
240
336
192
432
176
304
320
96
240
224
336
352
288
144
224
192
144
32
0
448
240
128
256
304
176
400
176
192
208
176
464
240
256
0
224
224
336
224
416
208
416
256
288
240
288
352
112
128
304
192
224
416
48
352
32
384
352
208
272
480
272
304
224
0
304
128
400
48
352
336
288
224
288
288
192
336
304
304
320
288
208
112
448
304
272
208
384
336
336
256
64
64
160
272
48
16
384
128
0
336
80
256
96
336
32
224
416
64
400
416
80
400
0
304
128
304
512
416
400
352
256
464
176
176
208
48
256
128
448
416
96
240
288
240
176
240
336
160
96
208
240
160
480
192
352
448
272
176
176
384
208
224
176
192
0
256
208
544
256
352
176
336
368
128
384
144
144
288
352
80
32
352
512
336
224
416
240
480
256
352
576
448
160
48
176
384
288
320
208
32
96
352
384
416
192
96
256
304
416
208
384
160
224
272
240
512
208
304
256
224
192
0
208
160
128
432
80
320
288
192
320
336
128
192
432
160
576
544
384
352
352
272
192
272
64
80
416
128
208
128
176
224
288
192
320
208
0
176
144
208
208
400
208
208
256
256
144
320
320
288
272
224
128
16
224
384
336
256
80
208
432
176
416
224
176
128
336
288
272
288
224
208
400
208
336
192
496
560
32
320
144
192
48
176
288
64
224
80
144
368
160
496
304
208
224
176
144
320
400
240
208
160
144
240
224
256
288
272
48
80
416
224
0
256
64
96
432
272
192
176
304
48
144
192
176
176
144
80
96
256
352
272
288
384
176
272
288
576
512
272
288
272
192
208
144
176
0
304
176
320
272
128
336
144
272
128
160
144
32
224
176
192
176
256
272
80
176
208
224
352
336
256
224
400
416
160
96
304
128
64
416
400
288
400
208
400
224
400
160
352
176
160
320
48
352
208
304
64
336
128
192
304
304
160
208
448
176
128
288
192
16
128
256
160
272
176
336
144
96
64
336
432
256
0
96
496
336
288
480
224
128
48
416
208
48
208
288
160
144
128
128
80
192
272
96
320
352
96
208
32
144
384
400
256
0
288
320
288
272
224
32
192
272
144
128
0
416
304
176
80
16
288
288
224
336
400
352
400
240
320
288
64
128
192
256
128
16
304
384
272
96
432
432
144
176
64
176
0
144
192
208
320
368
48
16
304
240
144
352
208
160
192
352
256
336
96
272
256
288
400
352
176
240
272
288
256
96
272
464
160
352
384
336
96
144
448
384
240
304
192
128
208
160
256
240
192
304
336
176
0
304
192
224
208
224
304
288
192
208
224
48
416
528
64
0
128
288
192
192
176
224
416
320
336
256
448
192
32
0
80
160
416
144
64
144
240
128
240
320
128
96
320
464
64
96
288
368
176
352
384
64
144
272
176
208
256
432
208
240
176
208
192
192
512
80
64
96
432
80
352
400
160
320
352
352
192
304
416
48
288
96
176
208
208
64
16
256
208
480
208
160
288
160
352
256
320
320
240
272
224
256
304
288
0
176
272
400
384
464
160
176
144
384
240
400
64
272
96
208
32
208
304
448
112
80
272
224
304
352
32
288
304
176
224
128
128
256
128
272
304
176
64
272
128
48
176
224
304
272
16
272
528
272
496
240
112
160
224
320
272
192
128
352
432
256
560
16
64
144
336
256
400
224
48
240
304
192
176
0
240
272
272
112
176
176
80
384
320
352
208
32
128
144
224
352
96
352
160
208
16
96
352
128
176
192
128
288
336
192
288
288
384
384
304
64
176
160
288
192
192
176
144
288
416
384
400
48
272
320
176
432
64
48
224
304
176
288
320
304
160
96
272
224
144
192
224
176
192
0
64
176
176
144
224
224
256
464
176
304
144
144
336
208
224
288
224
256
352
176
128
320
112
32
192
288
272
160
64
96
192
208
224
304
16
320
288
288
304
224
128
224
432
368
80
304
208
256
96
208
208
272
176
288
208
368
64
384
192
192
288
272
384
192
352
272
240
480
288
288
176
192
192
32
208
224
192
400
432
192
320
272
128
272
240
352
336
224
304
320
320
192
288
384
208
320
352
224
240
464
256
272
432
224
272
368
272
128
64
176
240
208
224
192
224
320
128
320
288
336
448
176
80
224
352
240
416
272
48
192
416
224
32
400
144
192
384
208
272
336
160
208
224
304
48
272
272
160
224
208
384
304
224
16
128
320
48
400
272
256
64
256
288
288
224
288
144
256
144
384
288
224
80
224
288
80
144
160
304
112
272
224
224
240
208
144
96
0
208
160
224
256
32
400
288
32
384
80
256
416
384
192
384
160
144
208
352
272
304
192
192
272
144
32
64
464
160
176
352
144
304
208
160
384
96
352
256
64
256
16
288
256
176
304
32
432
400
256
176
272
272
192
208
128
160
352
384
80
432
160
272
160
384
288
336
224
288
256
272
272
32
144
224
320
240
224
176
64
80
416
288
304
176
176
416
128
256
160
288
272
384
320
304
352
352
224
192
224
256
288
384
240
432
240
352
256
320
400
448
480
240
0
288
112
160
192
288
288
96
208
304
224
272
160
464
224
160
272
240
224
0
128
96
192
336
128
64
256
160
400
416
128
160
288
176
304
336
80
144
400
464
96
80
240
32
288
432
272
416
256
304
320
128
368
256
48
256
272
192
320
224
256
480
288
352
176
304
256
384
288
144
432
224
448
160
240
48
336
320
112
384
304
304
224
288
400
128
464
224
320
224
96
352
192
48
400
416
288
176
320
272
432
96
320
128
176
432
352
384
16
272
80
272
224
208
0
160
336
96
192
272
176
256
432
48
256
144
176
48
256
400
352
192
208
160
272
144
288
192
432
224
176
320
128
256
272
224
208
320
128
48
272
160
160
400
224
304
176
176
272
128
320
80
352
176
384
400
208
240
208
368
384
288
48
432
288
176
160
288
528
240
48
256
336
272
384
112
96
288
272
256
176
64
272
288
176
272
160
240
176
432
80
208
144
224
352
208
288
272
48
384
32
544
160
256
224
80
176
192
480
32
208
352
144
96
224
80
464
272
80
384
416
176
448
480
208
192
304
288
128
496
272
256
128
416
288
192
272
16
288
448
448
368
272
144
80
336
144
16
144
304
304
176
96
352
208
96
0
272
96
208
304
224
16
96
272
320
144
256
304
208
288
96
240
400
288
144
224
48
384
16
64
192
336
320
144
96
224
336
64
224
272
512
224
352
336
224
208
160
96
336
192
288
304
240
240
320
272
192
352
144
176
96
336
128
32
400
128
144
288
288
208
128
256
352
128
160
304
416
272
384
336
128
256
64
16
336
208
224
144
528
288
160
96
192
208
128
208
432
224
64
208
64
256
240
384
256
272
80
144
432
208
336
240
224
176
176
448
80
176
224
304
416
304
272
144
0
176
160
416
176
112
48
256
208
352
208
240
128
16
80
192
0
544
128
96
208
320
240
208
144
320
224
256
288
208
96
288
224
320
224
304
272
256
64
256
208
208
208
400
256
304
208
192
208
416
80
320
224
176
160
192
128
160
464
224
176
80
16
224
288
80
288
96
208
160
304
272
512
160
288
96
208
288
432
80
416
176
256
384
96
160
336
512
320
224
432
192
256
192
336
0
416
272
128
336
304
448
336
48
272
288
304
112
320
240
368
320
192
352
400
80
176
224
544
16
208
384
144
32
432
384
384
336
464
96
560
272
80
176
320
272
320
144
224
272
64
0
144
272
160
144
288
176
416
96
336
160
0
240
320
272
176
208
352
512
96
96
352
464
304
208
128
144
272
352
352
256
128
288
432
288
336
208
176
448
16
80
208
176
160
96
208
160
128
304
224
48
256
288
256
400
96
288
80
192
144
192
352
288
336
432
272
304
208
256
288
0
208
176
144
416
160
96
336
240
176
192
192
192
176
336
272
128
320
128
336
496
128
256
256
272
416
480
160
272
176
432
304
400
192
192
208
208
16
224
64
288
384
64
16
384
176
224
272
128
256
144
96
96
320
176
272
288
176
416
80
272
224
192
416
208
96
192
144
144
320
128
208
16
96
192
336
240
288
64
256
64
352
240
16
304
96
144
240
336
288
256
528
128
16
80
224
288
320
432
144
176
272
128
96
368
192
144
64
96
224
240
288
320
176
208
128
272
80
320
176
368
304
288
320
48
336
192
304
48
64
96
160
304
320
192
272
336
128
288
272
368
112
208
592
432
192
272
272
32
208
224
192
176
320
224
272
176
16
160
160
416
192
256
128
144
304
224
256
32
256
256
336
176
256
192
128
240
320
272
224
432
304
208
304
256
80
16
128
128
512
64
256
240
320
160
176
304
256
288
160
208
144
208
352
144
224
192
384
256
192
304
480
432
448
336
288
0
144
336
80
0
416
288
80
0
336
256
256
272
336
128
176
544
176
272
208
144
64
144
416
96
432
208
80
208
432
80
96
176
480
16
80
208
144
352
336
304
336
48
208
272
208
432
160
448
304
160
512
448
160
160
144
64
304
416
224
96
224
96
336
192
288
256
352
464
208
272
144
208
144
208
32
256
400
224
176
320
144
496
32
160
208
224
96
464
480
320
336
208
192
320
256
224
320
160
192
336
224
128
240
528
144
272
304
208
320
144
224
400
80
96
368
16
64
64
288
448
176
304
432
432
144
64
448
320
176
224
176
256
64
288
160
336
96
576
192
64
176
208
384
352
160
272
224
192
224
160
176
144
400
272
208
272
192
240
224
256
256
368
288
272
400
272
208
256
352
384
448
384
192
128
352
160
0
272
256
432
320
80
224
208
288
208
176
176
384
96
208
144
352
240
384
176
224
384
320
256
0
320
224
320
240
480
256
192
48
144
240
208
224
16
16
288
112
272
240
128
96
304
144
304
320
96
192
240
144
320
128
176
80
96
336
256
208
128
256
96
144
448
272
64
336
240
272
480
352
128
0
304
176
224
48
320
432
0
192
192
224
384
304
304
256
304
464
272
144
144
96
352
176
304
336
256
192
304
48
432
80
176
176
352
320
192
208
480
384
224
176
64
272
352
192
80
80
0
128
144
352
160
96
224
144
112
16
128
304
192
320
144
16
352
416
224
160
208
464
336
256
432
32
400
208
160
336
272
80
160
272
272
176
288
272
224
64
64
48
160
160
16
128
416
192
256
224
192
160
192
80
160
352
256
208
224
48
176
384
192
256
96
240
160
256
352
128
416
352
192
256
240
240
0
368
224
208
240
416
128
512
416
304
160
192
48
224
304
96
432
224
192
208
96
320
48
96
320
144
144
208
48
192
176
128
256
176
288
48
384
400
80
320
288
272
320
384
64
208
128
288
352
288
416
416
176
176
272
336
384
128
80
176
512
208
176
192
128
144
240
192
144
96
80
64
176
336
144
320
448
96
96
176
224
320
224
176
128
288
144
336
96
224
240
144
304
224
304
384
208
336
160
144
416
224
400
208
336
0
0
96
576
208
160
96
160
288
528
256
304
128
208
80
224
128
464
208
400
160
272
432
160
0
352
320
336
432
192
64
336
176
208
0
304
240
400
128
160
192
192
256
64
208
384
432
336
272
448
224
80
240
384
400
96
0
288
208
240
512
176
96
304
384
288
176
224
208
192
192
432
32
192
272
48
192
384
432
416
144
224
192
144
256
256
160
304
192
192
416
320
192
320
224
48
128
272
336
304
256
272
448
80
336
368
192
144
96
160
224
192
384
384
176
256
192
112
272
144
352
352
240
208
336
272
320
272
176
320
416
32
416
384
256
112
64
208
320
320
160
336
208
176
256
0
208
80
256
272
432
144
256
304
224
256
432
256
176
272
320
304
208
288
0
384
288
272
144
256
208
368
272
144
96
480
288
256
224
224
320
208
160
288
224
400
224
32
352
176
304
96
272
352
416
336
64
288
336
304
320
176
224
160
0
400
32
144
208
224
448
176
384
320
240
288
144
144
0
96
144
256
32
128
144
160
208
272
144
384
192
320
80
288
144
336
272
144
384
416
208
240
416
272
48
208
160
144
32
352
272
160
224
224
144
288
240
336
96
128
288
336
192
304
432
96
192
480
224
96
160
304
128
32
336
144
352
128
256
352
144
192
176
0
272
352
208
224
176
96
288
320
144
208
96
448
336
176
288
240
64
432
320
368
320
256
320
368
416
0
224
304
128
320
352
384
96
240
80
256
288
160
176
400
320
528
304
304
496
336
400
192
288
320
288
320
224
272
288
432
96
400
160
144
288
288
48
448
192
336
352
144
208
208
208
304
256
64
208
224
48
208
240
192
304
192
160
208
240
336
272
304
384
176
96
48
384
288
208
64
176
0
80
352
416
240
192
192
464
96
128
64
272
240
0
144
464
224
304
144
336
0
48
224
288
288
144
320
320
464
192
64
208
432
176
224
336
224
336
32
160
288
336
160
304
48
352
416
208
256
352
176
192
224
208
176
128
144
304
0
176
352
320
128
272
208
256
352
288
208
144
48
64
160
80
96
144
192
64
48
144
224
272
352
288
96
336
128
0
224
208
304
240
144
80
336
384
176
144
144
96
64
368
192
176
256
192
336
160
320
336
320
192
0
336
304
128
112
48
352
160
288
288
352
64
128
80
224
416
432
224
240
432
192
0
144
48
528
320
160
224
208
208
208
192
224
224
320
288
352
80
256
208
256
464
176
304
336
48
384
384
224
304
272
288
256
64
144
0
272
16
128
400
160
160
432
16
192
96
256
336
224
272
32
112
240
464
176
224
96
176
240
128
0
288
208
192
336
224
128
336
240
336
256
80
192
128
144
80
240
256
192
368
288
128
144
224
432
96
272
352
288
96
224
352
320
224
0
320
96
208
128
0
208
416
192
256
96
272
448
320
176
192
400
208
208
224
176
160
352
192
96
160
400
176
64
0
64
304
304
144
224
96
336
288
400
272
272
96
0
416
48
272
128
272
176
288
304
224
192
160
224
336
160
48
160
384
192
464
144
96
256
16
240
176
144
160
256
48
80
160
64
96
80
224
144
240
160
192
320
320
176
96
336
304
352
160
192
144
240
160
272
432
0
112
160
288
256
192
32
320
480
128
288
432
32
128
96
288
176
144
288
208
192
0
384
128
288
96
160
176
160
0
224
240
288
176
0
144
80
448
48
352
272
128
272
128
192
288
128
48
176
368
80
384
400
224
336
288
416
256
224
192
0
288
112
272
208
64
160
160
64
352
272
288
400
224
128
352
144
144
208
432
160
320
176
208
176
256
288
160
272
128
208
32
224
112
128
0
208
192
304
288
448
128
320
208
160
112
160
368
208
208
192
320
208
16
176
224
80
336
320
256
208
512
224
64
352
0
224
208
368
336
208
304
64
272
112
320
288
32
320
0
80
48
448
224
144
160
64
256
144
352
320
96
336
176
464
352
96
80
64
304
464
272
448
432
224
16
208
352
176
416
0
80
256
304
384
384
144
192
400
224
320
160
96
128
288
304
96
288
32
176
160
96
48
224
224
160
144
400
176
48
112
0
144
256
208
208
320
208
64
272
192
336
192
320
160
384
176
128
272
336
144
160
208
208
144
32
256
304
176
256
224
224
224
432
208
96
288
0
224
256
320
256
96
272
224
80
176
336
208
192
416
64
256
288
48
0
0
288
272
432
64
80
208
160
144
192
192
0
320
304
256
336
272
288
336
0
208
144
96
320
320
224
160
336
80
48
128
160
240
352
192
160
224
208
544
0
64
448
80
208
176
176
64
320
80
256
160
192
416
320
128
96
160
272
464
144
16
128
48
80
32
64
256
272
288
80
48
128
304
288
256
256
224
192
288
352
176
240
192
224
208
336
208
96
208
64
224
288
96
224
384
304
208
464
288
208
288
32
208
304
304
208
240
0
128
272
240
112
128
192
256
240
368
160
0
208
224
144
144
240
96
48
272
240
208
336
112
336
192
288
288
80
416
304
176
416
320
336
192
192
320
208
256
384
96
224
256
272
0
368
272
160
80
512
144
336
32
224
160
96
272
352
304
128
64
128
128
224
448
160
128
192
208
272
32
48
240
304
208
256
288
336
304
176
96
272
144
272
176
240
400
128
224
176
384
256
272
32
160
320
240
240
352
272
272
304
96
464
400
272
288
32
288
304
32
288
16
272
48
256
0
48
176
256
80
272
208
256
144
192
144
80
0
96
432
304
336
288
176
240
16
144
336
272
0
96
480
304
144
224
176
384
448
400
368
16
320
304
432
176
0
176
0
272
272
32
256
224
304
352
208
208
160
288
64
160
288
304
352
176
240
208
240
176
128
192
224
128
64
64
208
304
192
192
32
304
272
192
400
320
288
256
32
304
128
176
48
160
624
176
160
96
0
256
128
224
96
336
32
208
240
480
288
416
288
288
272
320
192
192
208
128
352
272
480
256
288
32
416
96
96
48
208
80
416
128
208
320
288
176
352
96
336
160
240
96
416
272
0
160
288
240
288
96
224
352
288
192
48
64
208
80
48
224
64
64
352
208
368
208
448
304
192
64
224
352
336
208
160
288
144
48
256
80
240
304
0
256
288
288
288
224
208
96
208
80
336
272
320
208
288
224
400
320
128
336
144
208
0
160
448
304
16
448
32
96
128
80
368
304
320
48
304
400
96
176
144
160
336
208
0
336
256
208
304
288
224
288
224
288
160
256
352
16
176
272
288
448
320
224
112
16
448
432
96
32
256
112
224
384
0
160
224
272
64
400
208
560
80
240
400
272
336
16
480
48
192
176
96
272
224
160
192
176
256
128
288
256
208
304
272
304
160
352
288
144
272
160
208
224
272
304
288
192
160
160
48
384
192
128
320
128
272
160
448
448
64
128
224
240
144
336
0
144
352
272
432
176
416
256
224
400
304
272
304
224
160
320
320
176
160
400
144
144
80
96
224
32
144
240
320
400
224
64
272
272
128
224
208
192
160
144
224
16
336
208
160
96
48
224
64
176
272
448
192
304
48
16
288
160
176
160
0
32
224
144
48
272
192
48
192
32
128
416
336
320
416
224
192
352
320
272
144
64
272
96
96
256
224
304
144
192
32
336
96
176
112
128
272
176
128
288
224
64
176
128
416
432
272
144
480
208
256
192
192
128
208
144
48
0
320
144
160
464
0
16
176
304
416
224
272
0
400
336
208
240
160
32
144
176
400
192
208
432
288
16
64
112
128
320
272
224
336
176
16
0
320
16
352
192
192
384
400
80
416
192
288
128
64
16
384
192
224
160
128
384
192
128
48
48
272
224
416
32
256
80
80
192
256
288
128
272
320
160
48
80
512
336
320
224
16
272
288
352
192
208
256
272
208
352
384
144
496
288
80
256
176
400
176
496
320
192
224
256
80
96
240
288
96
336
336
304
48
288
176
304
320
192
272
224
64
176
416
320
160
448
320
304
304
256
320
368
224
304
208
288
192
400
272
368
240
384
288
384
176
224
80
0
144
336
256
208
288
416
128
64
400
272
240
96
96
224
256
320
144
176
288
208
272
160
96
240
128
240
160
128
144
64
224
160
128
128
304
288
176
256
0
80
464
128
272
128
224
208
272
352
32
304
224
272
144
224
64
272
32
240
224
160
528
80
272
192
432
128
288
288
16
272
224
384
176
352
80
176
320
256
208
0
272
448
256
144
0
128
112
160
320
304
48
336
208
128
288
288
32
144
208
160
160
208
288
272
80
0
176
128
288
336
352
128
0
240
336
128
320
144
64
112
128
176
0
384
352
64
64
192
144
320
96
128
240
224
416
192
208
400
224
0
64
176
320
176
128
144
432
432
176
352
256
400
176
272
192
272
304
0
464
304
240
320
144
224
208
256
144
160
144
384
96
256
176
256
0
0
400
288
208
80
160
128
384
96
96
288
224
80
160
224
144
256
224
144
240
208
0
224
224
224
224
400
224
336
304
80
160
160
304
384
208
336
176
32
176
32
272
272
192
0
272
80
320
400
32
272
96
320
240
240
176
16
208
160
192
352
160
320
96
224
208
208
128
144
240
208
96
0
272
176
176
272
112
336
288
160
320
240
272
304
320
272
224
224
208
224
304
336
256
160
224
272
176
368
288
160
400
304
256
320
128
256
192
336
96
288
160
336
352
192
160
64
176
48
208
272
48
384
96
160
128
176
176
160
64
272
176
416
80
192
256
304
96
80
272
128
352
288
192
192
288
272
400
224
208
192
144
176
288
224
256
224
352
304
48
320
160
288
256
224
96
432
48
224
272
304
192
240
160
112
272
384
0
352
80
272
208
128
48
336
32
208
400
288
128
304
48
208
224
272
288
256
128
336
96
400
192
160
80
336
320
288
32
464
224
176
384
96
96
304
320
144
256
208
32
416
48
0
368
240
144
304
336
192
176
0
256
96
160
160
352
192
256
176
448
336
208
48
352
144
64
160
32
288
176
208
288
192
336
304
256
80
128
304
288
208
432
288
320
448
176
128
416
384
272
0
48
80
160
224
144
368
352
160
192
0
208
272
0
400
192
416
256
128
272
256
288
64
64
400
256
272
304
416
144
176
304
464
288
336
256
336
304
160
64
224
400
80
224
464
288
256
192
144
144
304
208
32
384
160
448
416
256
208
192
192
304
128
48
144
176
80
336
192
160
192
352
432
32
224
96
80
288
432
256
192
224
208
96
32
320
304
128
480
80
368
288
288
272
400
32
336
48
272
256
32
96
176
320
320
160
336
160
416
304
192
256
336
272
208
240
304
288
320
176
384
224
304
336
256
208
384
32
272
352
256
224
256
0
96
240
192
336
240
432
128
192
368
112
400
224
352
256
64
128
304
192
384
352
272
208
112
64
352
272
320
192
96
0
256
48
32
160
64
208
128
128
224
288
144
176
128
80
240
432
96
96
416
336
16
256
304
144
240
96
352
304
160
400
352
160
256
192
160
128
128
384
336
304
192
160
304
160
304
208
288
144
176
336
352
352
16
208
96
400
320
176
176
320
272
288
320
144
128
96
288
48
304
416
288
192
160
208
80
224
240
176
160
336
304
176
416
256
320
320
320
272
320
304
144
224
48
288
112
128
240
432
304
336
48
256
288
160
32
224
448
96
128
176
224
432
160
0
288
224
272
224
0
288
80
416
384
288
176
80
336
32
400
400
192
176
256
256
240
128
288
416
64
128
144
176
32
304
400
288
288
336
288
352
256
192
272
272
176
160
256
192
384
192
288
240
416
176
288
80
160
432
320
144
224
192
128
160
128
240
16
272
288
32
272
288
144
352
128
176
256
208
320
240
256
128
0
208
384
144
192
208
80
32
400
208
336
208
176
80
208
368
176
400
320
192
336
160
192
336
432
192
336
192
224
80
384
304
128
176
224
448
416
144
192
272
176
128
272
0
272
176
208
320
192
288
224
192
256
288
320
192
496
288
128
96
272
320
128
176
320
304
176
336
320
128
288
224
304
176
384
224
272
80
256
320
176
272
320
160
320
320
336
160
272
128
112
208
288
16
320
352
256
480
64
288
240
288
144
304
400
528
64
208
384
288
80
80
320
272
272
352
144
0
336
448
144
240
192
80
304
0
336
272
336
304
112
208
0
144
272
160
432
272
80
336
160
240
208
80
256
320
176
144
208
128
320
160
208
224
256
128
272
240
160
272
224
80
144
0
256
0
64
160
336
160
336
176
352
480
224
384
400
176
464
352
208
128
272
288
144
160
80
208
208
256
16
208
80
288
304
160
240
288
144
160
144
128
496
432
384
192
16
256
160
0
96
256
224
96
64
48
272
336
176
528
192
112
224
160
0
272
384
192
32
272
240
64
288
288
432
192
336
32
160
144
176
80
288
256
512
480
272
240
272
32
192
304
512
368
272
192
288
48
48
352
272
256
272
160
160
272
192
160
432
240
176
224
144
224
368
224
96
48
272
144
144
272
224
112
272
144
304
320
192
176
128
272
288
288
272
272
320
256
144
192
288
160
32
208
96
192
176
80
304
48
192
64
272
336
160
256
32
352
80
400
128
320
144
160
128
384
320
192
416
176
272
0
144
224
144
96
48
176
272
480
432
240
160
256
208
208
0
0
288
320
128
112
320
128
128
400
320
512
400
288
224
160
0
192
144
240
336
96
272
288
16
224
256
208
144
32
192
192
256
80
336
224
144
48
192
304
320
176
304
400
208
448
272
224
80
240
128
144
224
384
416
240
224
64
272
160
144
240
176
256
80
64
288
416
176
224
400
192
192
256
144
272
368
304
32
272
256
144
288
448
208
256
336
192
240
224
224
112
288
192
384
96
288
496
496
96
304
176
0
432
160
224
288
192
192
192
80
256
224
272
112
64
144
48
16
128
64
272
256
64
256
464
240
288
208
352
256
224
272
224
80
320
336
464
0
256
256
304
96
288
192
176
176
224
176
32
160
208
256
192
448
240
368
432
128
336
128
208
464
224
336
400
304
192
32
48
304
224
480
208
16
304
448
400
336
256
224
224
320
96
304
0
80
288
272
0
384
176
160
160
0
288
224
112
0
80
288
224
64
128
176
352
288
64
128
208
208
384
304
512
16
256
224
192
80
320
176
80
304
400
240
96
304
192
192
160
352
448
192
208
144
160
0
144
208
320
176
32
80
144
208
160
128
272
208
208
16
272
96
288
32
160
384
384
192
224
176
160
368
160
0
192
112
336
80
64
208
208
128
224
176
224
288
224
288
32
240
0
256
176
288
160
160
208
176
336
80
176
304
32
160
64
64
256
208
400
208
176
128
512
320
336
0
208
144
96
464
144
336
32
144
208
64
240
32
128
96
208
400
320
368
144
480
400
208
240
48
160
176
0
32
144
352
128
336
240
448
336
64
128
256
384
256
0
128
288
256
224
96
80
160
32
288
160
16
32
288
16
32
192
224
336
224
256
80
288
272
32
240
0
432
144
0
128
144
352
240
320
96
224
80
256
416
256
352
160
96
272
240
272
240
336
224
256
320
208
352
320
64
144
288
304
128
224
320
272
448
256
144
304
320
16
256
272
112
224
448
224
224
128
64
160
416
48
368
288
192
176
176
448
16
208
256
336
272
304
480
0
224
128
160
176
48
352
240
304
240
320
208
208
192
288
336
384
320
400
448
144
352
192
384
192
128
128
384
64
272
304
176
320
240
48
96
256
0
160
368
48
96
192
128
0
304
384
96
416
288
32
224
176
0
336
320
224
176
208
160
448
272
208
256
336
176
272
528
256
192
208
304
352
64
224
272
96
224
176
160
128
352
208
112
144
144
336
304
48
96
128
176
352
336
96
256
176
432
320
416
272
0
16
128
208
336
304
288
256
224
272
0
64
32
240
400
64
400
272
240
224
32
224
416
96
0
320
48
384
208
304
320
384
256
64
304
272
208
464
144
96
160
224
224
80
176
416
128
416
320
176
432
96
272
304
256
128
272
80
64
64
336
144
192
192
384
96
384
128
416
272
32
176
416
192
400
256
256
192
272
192
128
256
176
176
160
128
160
64
64
304
80
16
272
256
176
176
128
208
320
384
272
288
256
304
176
288
336
288
0
272
208
256
256
160
288
400
176
320
416
176
0
304
208
256
288
0
208
224
256
0
288
224
336
288
432
224
256
512
384
256
208
80
320
176
128
64
416
96
176
320
272
416
384
320
96
144
352
320
320
0
448
208
0
272
224
320
32
80
144
224
192
384
32
320
224
224
224
128
288
208
80
64
128
208
352
400
336
32
16
160
272
0
560
176
32
144
288
0
176
192
176
224
448
128
288
80
96
144
368
400
352
176
64
224
144
32
176
336
160
432
304
416
208
192
336
176
256
192
80
0
256
32
176
192
128
448
240
272
256
320
32
304
160
304
208
144
256
208
80
0
176
96
272
80
80
256
400
256
464
288
336
384
128
0
80
0
192
176
0
192
176
336
320
464
256
224
256
128
304
80
96
96
416
32
160
176
176
80
208
32
400
256
320
336
368
336
144
224
288
304
208
272
272
208
240
144
208
96
144
208
240
192
208
336
64
160
144
224
128
352
288
160
208
0
16
288
320
288
336
32
208
320
96
448
256
448
272
544
112
64
272
128
208
208
160
176
240
160
192
0
304
272
192
272
224
160
96
304
272
208
192
192
336
80
64
176
304
64
240
224
48
320
256
336
0
464
224
64
336
144
80
272
192
176
512
288
336
64
176
96
64
160
256
336
256
336
128
176
208
416
416
256
304
320
208
272
352
272
176
176
400
112
176
448
320
48
16
320
320
288
384
288
144
176
320
208
144
320
48
256
432
64
336
208
160
32
224
384
256
0
288
304
192
176
224
416
272
0
48
112
192
320
336
128
208
272
160
288
0
128
480
416
288
16
256
336
256
80
464
400
144
224
224
176
112
160
272
160
96
288
208
160
416
128
176
192
288
208
144
224
336
464
0
320
0
416
96
192
336
192
256
208
128
192
208
272
0
96
208
288
272
144
176
192
96
336
320
336
320
352
352
336
192
80
176
256
256
320
384
256
48
192
16
288
192
304
336
384
224
272
0
0
224
400
240
208
432
304
0
128
32
288
272
320
224
224
176
320
144
256
144
352
64
160
288
256
352
144
96
0
96
464
416
64
320
320
256
224
208
416
144
272
464
128
272
0
64
272
304
416
416
288
272
224
320
304
352
288
64
544
208
80
240
288
192
160
256
272
208
128
320
160
144
80
288
48
288
80
80
304
384
32
464
208
400
192
352
80
32
256
208
304
80
304
304
192
208
256
32
0
352
384
176
288
128
224
64
224
224
0
304
464
96
480
272
256
352
352
480
384
128
96
176
160
80
272
160
128
128
128
96
320
224
432
416
320
32
96
16
64
144
304
224
160
0
32
128
176
176
432
288
384
48
208
224
48
192
144
0
80
304
16
352
224
272
192
320
272
208
176
32
176
176
208
288
128
0
0
384
128
160
192
160
96
192
432
80
192
96
176
80
160
224
432
432
208
176
272
192
384
336
176
80
208
208
512
176
192
80
96
0
304
176
352
336
224
16
240
224
80
128
96
64
192
256
352
336
256
96
256
208
432
288
256
256
336
128
80
64
400
288
272
288
416
176
128
176
144
320
224
208
16
320
208
144
224
176
352
400
288
416
464
240
160
320
0
176
336
464
256
64
128
256
96
64
272
192
64
400
448
96
176
336
96
272
16
160
176
192
256
48
144
448
176
288
368
304
224
272
208
160
352
352
304
288
96
48
272
160
208
272
352
160
256
480
208
48
144
464
160
192
224
144
128
288
336
48
416
160
0
144
384
512
208
320
128
240
192
48
208
272
176
320
128
240
304
416
96
224
160
64
320
192
304
272
320
112
272
240
192
112
160
240
256
400
96
224
288
352
128
352
288
144
224
96
560
224
80
192
256
208
32
80
256
96
64
176
160
192
208
224
256
176
144
208
400
48
0
336
176
352
192
96
432
240
320
304
96
176
224
192
208
144
64
80
128
224
352
160
304
256
160
112
176
160
448
192
352
144
160
224
320
208
176
224
176
240
176
144
192
176
128
48
0
208
272
256
208
48
352
160
208
384
128
0
304
144
320
112
160
64
160
96
32
208
304
240
208
160
208
32
176
336
304
208
160
448
176
160
272
32
176
240
256
416
144
272
448
320
416
176
272
256
208
176
352
400
160
128
160
0
80
112
144
256
304
224
80
384
0
0
368
272
96
352
160
208
224
256
0
304
320
32
160
464
176
144
96
272
208
224
208
272
320
80
176
80
208
176
32
304
192
96
80
208
160
144
320
320
400
112
176
256
160
144
272
192
240
224
480
336
448
160
144
256
96
0
192
64
176
48
96
272
432
0
304
176
0
416
320
224
208
192
32
160
208
64
288
336
16
352
208
256
224
96
304
368
288
336
192
336
320
128
128
384
272
208
208
352
192
304
208
128
192
256
80
448
288
0
128
304
192
144
80
256
112
224
144
144
272
176
224
208
112
224
208
400
128
208
304
224
336
176
32
224
160
64
160
192
96
96
384
224
336
64
48
400
160
400
288
144
480
160
272
272
304
80
96
336
224
192
176
160
320
208
96
80
288
320
448
304
128
192
336
64
128
48
208
384
256
432
224
320
288
144
80
208
176
48
272
256
256
272
256
64
80
288
304
128
64
224
272
160
208
240
272
176
32
320
160
320
352
80
272
80
256
304
80
256
192
80
288
16
256
272
96
336
176
480
128
192
384
256
320
288
32
160
48
144
160
288
288
0
208
32
128
256
256
64
288
352
32
0
384
176
224
224
64
320
48
224
512
448
160
96
48
272
336
64
352
208
144
384
256
256
320
304
320
144
272
208
528
416
16
144
224
288
400
496
80
144
176
96
192
80
80
176
128
288
256
192
64
208
352
304
208
304
336
288
176
320
144
272
224
144
240
400
352
288
304
128
144
272
256
192
256
160
176
176
64
160
176
256
448
384
432
16
320
288
224
384
304
128
48
224
336
272
256
448
96
176
96
352
160
192
48
48
224
320
176
128
336
512
176
176
256
64
48
224
0
192
96
160
288
64
0
160
352
144
256
208
128
224
240
16
176
192
288
288
256
144
80
192
64
144
336
64
16
224
144
336
112
256
208
160
272
224
256
32
256
176
176
448
272
224
176
80
304
304
208
144
176
336
176
192
48
272
208
176
272
208
128
464
128
64
336
128
288
128
208
48
160
384
128
304
96
128
320
240
160
432
208
176
176
272
48
208
224
192
192
400
128
160
400
304
176
320
192
256
400
96
192
256
288
176
224
272
368
320
272
176
0
320
432
304
288
304
256
272
0
32
224
352
80
288
144
272
176
0
192
272
80
176
48
144
256
272
80
128
192
208
160
176
336
320
96
256
224
288
384
400
176
336
320
352
96
208
224
208
320
288
192
288
144
240
224
224
336
352
288
192
0
352
224
224
240
256
240
272
32
416
176
576
64
96
224
192
48
0
288
64
128
416
224
304
128
224
144
160
240
176
272
128
176
256
208
304
224
160
336
160
144
96
240
64
192
192
48
528
400
368
112
304
320
288
128
144
160
336
304
224
176
64
320
256
336
48
432
400
80
0
416
128
160
256
208
304
320
320
128
256
208
448
208
304
272
272
80
144
192
288
192
224
384
208
32
176
160
224
272
128
192
0
240
304
448
80
192
0
288
336
464
224
400
224
416
400
208
320
64
128
352
208
176
160
336
320
0
272
224
0
0
192
416
304
336
240
176
16
176
128
192
128
240
224
256
144
256
224
320
80
352
48
160
208
176
272
272
0
80
192
208
304
336
480
352
192
224
160
400
320
192
144
192
240
544
304
0
176
352
288
128
128
112
288
304
400
176
224
144
96
256
320
160
160
144
128
304
160
320
256
176
192
224
208
176
352
144
64
80
64
208
160
256
352
144
384
192
256
144
16
272
128
240
0
256
128
272
288
320
336
144
272
176
80
160
160
192
224
304
352
224
240
240
352
144
176
80
80
224
256
0
352
0
384
160
192
480
176
272
304
224
320
368
144
320
144
144
288
240
384
176
272
80
192
304
352
176
224
256
224
256
432
48
272
288
32
176
304
320
208
224
96
224
208
272
0
304
192
80
176
64
176
512
304
192
384
80
192
272
400
64
48
288
304
176
128
224
80
208
176
224
32
432
208
144
336
400
128
256
304
304
64
304
144
112
0
480
128
528
32
208
272
128
480
16
368
128
272
336
272
304
384
112
0
432
336
64
272
192
176
224
144
512
272
288
192
96
320
352
224
288
272
272
208
272
288
144
176
320
256
256
304
176
352
208
176
128
432
32
256
144
160
304
352
48
208
80
192
80
208
48
176
256
336
16
0
256
256
240
160
96
64
272
304
416
336
16
256
160
336
144
96
208
256
80
320
208
288
224
384
208
48
176
128
144
352
256
336
416
272
272
336
16
144
48
208
288
144
144
160
128
0
96
224
208
320
0
400
432
80
448
416
96
256
224
544
160
416
480
208
192
272
448
256
304
480
64
224
224
336
240
320
224
304
336
416
144
0
208
432
448
288
208
208
352
208
128
304
272
288
208
256
288
16
192
224
192
272
160
96
304
272
480
256
128
416
336
272
160
80
272
256
160
160
304
208
144
128
208
48
208
80
144
96
64
480
336
368
368
256
96
448
208
464
192
416
352
224
272
304
288
96
176
144
208
320
144
96
272
80
336
336
288
336
288
128
256
128
48
448
208
256
528
256
336
176
288
112
384
224
432
384
256
336
208
256
336
352
80
304
0
160
192
192
192
352
304
336
256
48
128
288
272
208
272
400
144
368
176
400
192
256
144
80
400
272
432
320
128
208
256
256
208
304
128
48
192
304
240
272
352
304
320
144
208
192
304
80
80
416
192
336
192
208
272
272
256
320
304
272
192
208
176
176
224
160
128
192
288
304
192
256
336
160
400
256
192
208
256
144
208
304
0
160
128
80
224
416
208
80
432
224
208
192
144
144
352
48
288
176
272
192
96
176
208
96
240
304
160
176
224
176
240
192
272
224
432
256
176
288
320
256
144
352
224
272
80
416
256
208
352
144
320
128
384
352
352
352
192
144
208
80
288
80
304
48
304
80
48
0
64
160
208
240
160
336
176
96
288
176
112
176
96
192
224
128
160
144
336
272
256
208
208
144
304
336
128
48
208
384
96
128
208
400
176
512
0
224
432
400
192
384
0
304
128
0
144
16
224
560
208
320
80
384
0
256
176
320
128
112
240
256
0
256
160
368
192
80
176
320
208
352
112
256
144
304
416
64
224
32
320
128
128
160
272
272
288
96
336
16
160
288
512
320
256
208
64
288
288
0
224
336
208
80
256
96
32
464
416
112
64
256
64
128
288
256
144
96
80
160
352
288
208
320
272
304
208
288
320
160
176
224
176
352
192
160
352
192
288
256
304
160
400
320
272
112
384
192
0
0
144
320
160
352
368
144
176
128
0
160
48
176
400
272
208
224
256
112
80
224
240
64
144
320
144
224
384
16
176
96
304
288
160
176
272
336
224
192
192
352
144
160
96
96
0
176
96
0
256
288
256
480
48
160
192
208
368
176
128
32
288
480
64
224
192
128
288
384
432
192
48
80
192
64
416
240
240
208
352
256
128
96
272
64
288
304
304
256
336
272
160
80
256
432
288
352
176
336
208
368
128
336
432
144
192
144
48
176
272
240
144
272
160
272
32
224
224
288
160
96
160
304
224
192
272
32
176
336
336
304
224
176
192
304
176
192
240
256
0
272
48
400
384
208
208
336
240
192
384
256
64
304
416
64
320
16
304
112
352
304
480
64
304
160
288
176
192
160
192
128
176
160
352
288
176
16
208
320
256
336
80
288
208
144
192
288
304
32
112
352
288
192
176
384
304
320
96
256
272
336
352
176
432
160
32
224
128
288
80
144
208
448
256
304
128
80
272
384
128
192
176
192
272
224
240
80
288
192
304
304
368
272
160
336
256
144
320
272
32
288
192
272
320
0
448
288
528
224
336
256
160
48
288
256
400
288
304
64
336
208
304
432
288
320
32
144
128
96
432
336
352
320
144
64
64
96
128
256
160
320
288
208
96
432
0
128
176
96
304
32
96
160
160
0
64
416
192
80
272
224
288
256
96
288
0
160
304
112
144
144
336
272
64
352
320
336
352
80
160
416
48
224
64
336
352
288
256
128
416
144
272
160
272
160
208
432
32
128
224
96
384
256
0
16
192
304
176
192
144
128
64
288
352
352
112
272
256
272
272
192
160
272
48
352
416
272
368
384
240
256
448
224
80
128
288
192
336
272
144
464
256
192
176
192
400
384
240
128
176
128
176
96
224
192
176
176
272
16
320
128
160
320
352
240
160
208
128
336
96
288
416
208
384
192
336
64
176
288
192
432
432
208
256
32
304
416
208
0
256
352
0
304
176
0
384
208
96
304
352
272
480
224
288
320
416
288
544
128
352
224
144
288
128
48
208
128
160
384
160
48
304
416
240
288
128
272
160
32
224
208
16
224
176
368
336
224
368
256
80
304
352
224
144
400
0
256
48
16
400
352
64
144
272
352
176
256
192
64
176
192
112
192
368
304
368
256
32
304
128
224
256
352
192
352
288
272
32
144
400
176
64
208
96
80
192
160
288
304
192
160
352
336
80
480
192
80
320
240
176
432
384
160
272
48
80
48
224
32
272
128
320
336
320
0
272
384
256
192
144
96
432
256
144
144
16
16
464
384
96
0
48
160
272
416
224
416
352
352
272
160
256
32
272
208
112
176
384
48
368
208
176
288
256
128
336
320
400
256
64
192
272
480
352
0
32
400
352
48
256
272
176
480
272
96
288
272
128
320
240
160
64
240
384
80
288
224
32
176
352
160
256
464
192
160
400
144
416
160
64
224
304
288
16
64
160
336
80
32
144
160
128
288
112
336
144
208
432
176
96
240
240
432
80
256
208
160
336
192
368
192
160
512
256
160
352
480
144
96
256
384
80
192
288
192
336
160
176
128
256
0
368
208
0
336
80
192
224
0
80
304
112
352
80
240
384
208
160
208
128
256
32
96
64
128
288
112
160
256
0
240
176
384
192
304
112
272
352
176
80
320
128
384
256
240
320
160
192
352
16
80
208
352
256
272
0
336
256
128
160
208
96
96
144
432
144
256
80
272
256
256
288
320
256
96
80
592
240
448
448
144
384
32
336
128
16
320
160
272
64
320
80
80
128
192
160
160
416
384
16
336
176
272
224
96
192
0
224
192
96
384
304
80
224
176
0
96
192
144
320
192
240
352
304
128
320
128
480
320
288
0
272
112
352
0
272
192
416
288
128
176
96
128
336
496
208
208
64
320
192
208
176
128
336
224
96
208
352
192
48
176
256
96
208
304
272
352
352
288
336
96
240
192
176
288
176
272
192
400
288
256
432
160
96
336
224
208
128
400
240
64
336
128
144
288
336
96
112
64
272
192
128
160
160
160
144
96
512
128
288
64
176
288
304
448
80
352
272
96
144
0
208
144
64
288
304
384
288
256
160
0
320
160
432
48
352
320
192
352
320
80
128
448
288
160
192
192
256
384
64
320
192
128
320
192
144
160
240
320
368
384
320
0
96
176
320
208
96
208
256
0
384
16
272
224
80
256
512
144
288
304
160
288
416
96
0
192
0
352
256
336
288
320
352
352
32
208
48
48
80
176
144
208
160
368
144
64
144
336
384
128
16
192
256
176
160
176
176
112
96
176
80
304
128
112
80
192
96
176
64
64
240
256
352
144
320
144
272
256
224
384
400
208
336
160
304
320
400
96
144
288
16
320
288
400
384
304
80
288
176
128
240
176
448
128
144
144
288
224
192
176
256
192
96
256
0
176
288
80
320
208
256
160
320
80
192
320
144
224
176
224
176
352
208
352
208
32
128
448
208
160
64
480
256
240
208
240
272
80
304
272
128
320
272
432
192
480
544
320
272
208
192
80
176
208
368
0
144
288
128
80
320
192
128
0
128
320
400
288
128
288
224
272
128
144
240
240
288
304
176
0
288
112
176
272
48
160
144
272
352
112
272
192
384
256
256
144
336
224
80
400
80
0
416
384
144
144
336
464
416
208
176
96
400
0
0
352
272
336
304
304
384
256
176
288
144
64
256
96
160
48
336
384
0
144
176
128
304
144
192
288
32
48
384
320
512
176
240
176
176
464
176
128
144
192
192
448
16
160
320
176
80
96
416
208
368
128
272
320
224
288
416
0
80
224
176
352
176
64
208
160
336
160
320
288
0
336
64
80
144
96
16
288
400
144
128
304
288
96
256
176
272
400
256
288
240
304
128
80
256
416
256
288
320
32
304
224
80
192
80
304
224
144
128
512
208
304
128
48
176
128
256
48
192
144
352
256
320
384
96
256
272
208
96
288
304
208
352
256
96
432
416
112
336
16
80
320
480
48
496
128
352
240
96
480
224
128
208
80
416
432
272
272
352
192
224
144
208
240
224
128
224
80
192
320
0
176
240
128
304
96
320
256
304
80
128
32
192
384
416
336
288
96
208
336
144
0
96
240
176
304
64
192
256
144
256
176
288
336
352
272
400
224
176
384
352
176
64
192
144
128
160
272
432
0
304
336
288
304
400
48
288
208
432
224
400
48
160
384
352
16
176
176
336
224
160
112
96
208
304
240
400
80
384
288
128
304
128
224
128
160
192
112
336
224
416
16
224
224
256
256
304
336
128
224
256
224
208
80
16
96
32
208
160
192
112
144
48
176
176
0
96
176
496
0
176
256
256
416
224
256
64
304
224
160
176
240
288
272
320
64
0
16
272
400
160
48
160
96
96
0
0
192
288
64
80
256
352
192
432
304
16
352
224
208
48
224
0
208
128
304
128
192
48
256
176
0
272
288
304
224
32
96
288
208
384
272
208
272
224
352
320
224
0
48
192
32
224
0
16
256
32
32
512
336
272
320
80
256
272
432
128
192
144
288
64
256
64
160
176
16
144
352
272
256
224
128
48
48
80
272
96
96
352
160
0
208
176
80
400
96
176
304
288
272
32
256
288
192
304
400
128
256
288
192
0
144
400
176
176
0
176
320
0
400
368
64
432
192
208
304
96
160
288
240
272
304
448
240
176
192
176
304
224
144
320
160
32
208
192
80
320
432
16
320
32
400
16
160
208
144
192
208
352
160
208
416
160
352
128
432
160
208
224
320
256
304
256
304
272
208
336
256
144
144
224
240
320
304
256
272
176
240
176
208
320
288
304
288
208
176
240
256
320
160
224
272
176
224
208
144
32
80
304
304
288
144
0
192
144
432
272
320
96
336
224
432
416
320
384
64
128
144
96
320
288
224
32
272
160
384
304
288
272
96
288
272
336
320
48
128
208
0
64
352
208
352
384
96
128
144
288
256
16
48
96
144
320
272
320
64
448
304
272
144
32
304
64
320
272
400
272
128
0
352
368
272
416
208
240
352
272
304
0
96
288
288
176
96
176
176
352
352
16
0
224
304
192
352
112
160
144
416
304
288
208
288
240
192
272
96
272
208
208
272
304
80
112
208
448
304
272
272
272
112
224
128
176
224
96
160
0
208
512
352
416
320
416
160
352
160
240
112
176
256
352
432
320
48
256
160
192
144
288
288
304
256
128
144
256
256
160
224
192
192
448
176
208
160
48
208
128
224
272
368
128
272
256
96
528
224
160
208
0
0
32
304
144
304
416
352
272
256
336
464
512
128
0
224
48
16
32
128
224
208
256
464
112
432
16
272
224
0
352
208
352
256
336
192
432
304
176
48
192
192
128
160
240
384
288
256
128
224
48
352
176
336
512
272
208
400
208
352
160
384
144
352
96
48
320
0
288
144
208
160
208
192
48
288
16
336
96
288
144
320
272
144
0
256
112
272
352
272
32
240
272
272
288
192
64
400
320
256
288
80
464
144
288
48
256
48
208
224
48
48
80
288
288
112
96
0
176
272
176
256
176
48
176
432
384
320
352
160
208
320
144
160
128
192
32
384
96
368
112
288
496
288
208
144
208
80
48
240
432
64
192
320
160
160
384
192
256
256
304
240
48
272
208
144
400
192
320
384
160
160
224
160
192
384
208
288
304
272
320
144
16
304
304
224
192
336
336
208
224
416
48
144
128
160
144
208
96
64
336
240
64
144
224
256
384
272
32
80
80
160
304
256
400
160
128
32
48
272
0
96
272
272
160
144
96
208
16
352
400
432
192
192
48
48
176
256
208
144
192
288
64
64
208
320
160
288
96
256
320
352
176
96
192
208
128
256
304
352
160
288
48
240
432
176
192
160
160
96
320
304
192
400
256
96
0
208
208
224
256
176
224
64
304
400
128
80
240
192
464
80
448
192
304
256
160
416
0
352
80
128
304
464
16
256
224
224
320
176
144
0
320
144
208
192
48
208
288
288
272
192
32
160
256
80
512
192
240
320
144
160
400
32
32
304
128
96
224
48
176
0
224
128
48
400
304
272
208
320
224
160
224
16
320
288
256
48
144
144
80
144
144
144
208
144
208
432
144
96
144
304
160
256
352
160
432
320
176
96
160
288
256
352
208
160
256
224
448
224
304
256
176
256
288
224
224
128
176
256
336
240
64
112
144
160
272
272
0
288
160
96
128
320
272
208
208
240
224
304
160
128
64
336
432
64
16
288
192
288
304
16
240
336
64
128
288
128
144
448
176
240
32
192
96
256
320
128
336
432
224
224
256
288
208
144
272
256
336
304
0
320
256
288
320
80
160
304
192
128
496
208
160
80
416
160
288
128
288
512
272
256
144
192
272
304
80
400
240
128
0
336
96
256
48
240
224
48
96
48
32
384
160
32
432
304
256
208
32
144
160
32
32
160
256
128
272
144
288
96
272
128
256
80
160
224
128
176
368
128
416
304
208
352
128
80
352
256
272
304
528
464
208
0
256
192
208
0
160
160
176
0
144
272
288
224
128
240
336
336
336
336
16
240
160
176
96
96
128
400
400
16
0
304
176
240
464
64
384
256
80
192
192
304
256
240
400
288
144
192
224
144
144
176
192
240
224
304
144
256
48
176
384
288
48
144
272
400
272
272
432
288
320
192
400
320
128
256
288
176
400
224
240
288
272
176
256
256
400
160
64
48
96
176
112
256
128
288
352
176
256
192
208
208
192
80
80
128
208
48
176
304
256
128
448
128
272
192
208
480
400
32
448
144
208
384
80
160
304
352
48
192
224
192
224
240
288
16
112
64
256
224
64
176
208
208
320
192
192
256
400
384
128
176
192
464
192
192
336
400
128
176
160
272
256
80
400
320
160
192
128
144
176
32
128
288
208
0
176
176
272
336
384
256
384
32
400
224
288
304
96
384
288
208
160
320
304
352
288
384
48
32
224
160
64
0
96
304
256
224
192
240
96
144
96
176
128
240
128
400
0
144
272
0
224
208
176
16
352
176
64
160
96
80
112
336
0
416
96
288
240
304
208
176
256
352
272
256
48
288
144
96
256
64
352
240
144
224
176
336
192
208
80
32
256
128
96
288
224
400
48
320
208
192
208
208
304
96
96
352
160
96
320
256
304
336
432
208
0
48
288
192
288
480
192
320
128
96
512
112
256
208
432
96
304
368
208
192
208
288
80
144
320
224
160
288
80
256
80
128
144
384
320
256
416
240
176
96
224
256
384
448
208
464
384
176
272
48
336
128
224
144
272
256
96
192
192
128
208
96
16
32
304
256
48
304
304
448
208
256
16
128
176
208
80
400
224
176
160
256
176
144
240
304
176
224
416
224
224
320
288
96
432
320
336
304
192
528
320
352
352
352
432
128
384
256
272
336
176
176
304
432
208
320
192
80
224
160
304
240
224
0
192
208
272
128
304
192
256
128
256
304
224
464
80
272
208
256
64
32
272
272
352
352
208
288
352
144
256
208
176
32
288
272
208
176
80
464
0
256
64
160
288
112
80
160
400
272
224
448
432
304
144
224
224
416
240
128
352
256
304
224
256
352
192
288
224
416
272
176
320
352
352
272
80
80
384
272
176
224
176
336
256
16
224
320
416
32
336
304
512
176
256
400
128
128
256
16
480
96
144
240
160
0
208
256
80
224
96
256
352
304
80
400
160
176
176
176
64
288
224
0
208
176
288
192
256
160
208
64
160
224
352
256
128
272
208
192
320
176
144
160
256
224
64
384
224
0
192
224
0
352
224
144
112
336
80
128
240
160
32
464
128
224
304
336
304
288
128
96
112
128
240
288
64
448
192
224
48
176
160
176
320
416
128
192
144
384
144
144
256
192
192
448
208
0
240
144
144
176
96
384
80
176
416
256
448
64
224
208
208
96
32
64
32
288
80
272
336
96
176
64
256
208
544
144
320
48
48
176
304
160
304
416
272
96
160
128
288
320
272
176
128
80
272
224
240
384
192
368
416
224
288
224
160
192
32
32
320
288
256
128
384
272
256
272
48
96
208
0
304
288
256
352
256
160
176
224
352
352
320
320
384
336
320
224
192
288
160
224
160
288
128
32
176
176
224
208
320
448
256
288
0
352
320
144
64
416
64
256
208
160
176
0
192
192
256
256
80
96
304
304
80
304
0
512
272
464
272
208
144
240
144
320
128
320
208
400
272
224
80
240
80
144
16
192
224
128
32
80
288
464
512
160
480
176
176
80
240
192
208
80
224
128
304
256
400
160
224
0
336
352
288
320
0
256
80
272
64
160
176
480
256
192
336
272
144
64
160
176
32
496
96
192
144
208
32
336
144
208
80
224
384
224
160
32
384
288
224
256
208
192
256
288
224
176
192
240
272
112
128
304
192
16
320
64
144
80
192
192
272
384
208
0
272
352
192
288
0
80
288
256
416
304
432
240
320
320
224
352
80
368
288
384
320
192
352
192
288
80
16
128
336
208
176
80
48
272
128
208
80
96
336
320
304
208
336
464
192
272
64
192
320
192
208
48
64
192
128
224
144
224
224
432
0
144
144
0
256
400
272
128
336
480
208
144
208
304
432
192
432
288
128
272
192
320
208
192
288
336
384
192
64
48
352
384
80
256
288
48
256
304
224
208
160
304
336
256
224
96
96
224
352
96
352
256
128
288
320
96
0
304
160
192
208
304
336
480
320
96
160
160
144
208
16
192
208
336
240
256
96
416
64
0
224
272
288
224
336
256
144
208
96
288
144
128
96
304
64
160
320
288
352
208
64
288
320
208
400
352
96
400
208
176
320
496
80
176
320
336
0
256
96
320
256
272
320
160
464
176
304
224
336
304
208
32
288
16
400
96
144
112
304
384
256
288
352
480
416
208
224
240
416
80
400
288
224
48
224
384
240
256
256
256
272
240
144
352
288
160
48
416
48
128
368
208
192
176
336
192
320
0
128
320
528
304
176
368
0
160
304
64
80
208
208
160
224
256
448
304
144
336
400
320
272
304
320
176
160
384
144
144
96
304
96
176
240
368
64
176
176
288
208
336
448
32
272
256
416
112
48
176
256
208
208
192
192
224
48
48
256
176
192
288
0
320
272
192
352
96
144
240
192
80
128
0
256
240
64
480
448
416
208
128
288
432
272
48
0
320
48
176
288
288
272
272
272
128
192
320
240
224
448
160
272
288
48
144
0
240
432
176
352
64
320
304
288
208
208
256
80
48
320
160
112
144
208
160
256
464
288
208
128
32
128
208
240
224
256
512
0
128
128
48
96
144
192
160
16
144
144
256
304
336
192
112
288
128
128
288
96
368
176
96
416
80
256
176
240
432
336
272
128
288
288
160
64
336
224
192
144
288
272
288
304
352
160
176
80
432
400
112
544
512
176
352
128
208
400
224
336
144
336
272
128
176
416
304
256
112
336
256
272
240
304
432
208
128
208
224
144
160
32
160
144
240
352
416
128
144
64
176
416
384
304
432
384
160
80
240
288
256
128
96
224
576
160
480
64
208
256
336
192
320
96
160
400
288
176
272
304
128
304
208
464
0
128
336
80
32
80
320
208
192
304
272
256
240
416
352
272
176
256
112
224
240
336
256
128
224
208
0
288
256
208
208
320
256
352
208
352
144
304
176
160
320
304
0
432
256
288
240
48
288
336
400
224
224
304
448
144
176
288
256
176
224
256
352
320
304
80
160
256
256
192
304
240
128
288
304
144
384
272
144
288
336
0
32
80
352
256
80
160
432
80
112
448
0
176
192
288
160
304
240
112
304
208
304
272
0
224
192
256
80
192
176
96
128
176
64
416
16
288
352
256
336
224
144
192
160
176
64
160
448
144
288
80
80
416
144
224
176
144
128
80
512
144
208
160
352
288
128
384
336
144
160
432
272
224
400
64
400
176
96
144
288
160
64
320
272
160
400
480
128
192
384
432
256
48
224
96
288
160
432
128
352
144
208
96
352
352
288
256
288
272
256
240
272
400
96
224
176
496
208
240
272
80
208
112
96
96
400
144
160
304
96
160
80
432
352
272
176
320
400
224
224
192
304
0
256
288
416
48
320
320
128
256
192
160
400
208
416
64
192
192
256
176
176
464
176
192
128
304
336
400
224
144
288
256
224
0
464
352
304
80
160
336
256
352
256
96
16
208
96
112
320
336
272
480
304
176
192
400
144
272
256
128
176
128
192
224
256
224
272
288
256
224
256
128
240
96
288
160
144
144
256
400
208
0
256
64
224
176
336
160
240
304
48
32
176
320
176
128
176
432
384
32
304
128
208
224
384
256
80
320
384
304
112
304
0
336
240
16
144
160
112
192
224
272
384
256
336
512
80
208
416
272
304
48
176
368
192
176
288
208
64
0
160
224
528
160
192
96
448
176
192
192
96
208
288
192
544
272
208
400
272
144
176
64
192
400
208
224
288
240
320
176
64
160
32
240
160
64
96
192
224
192
224
48
256
384
16
240
256
0
208
448
368
0
208
144
32
288
256
0
208
352
320
288
176
480
304
208
304
128
96
176
96
192
0
192
304
128
272
224
304
336
272
240
352
512
384
192
96
288
192
176
192
288
336
144
352
352
144
176
304
256
144
144
256
32
320
416
80
352
400
80
192
304
96
224
256
208
208
224
272
176
320
336
288
208
160
288
80
80
192
240
48
240
272
80
96
224
160
448
304
176
400
224
384
304
160
192
64
64
336
256
272
336
224
112
336
96
16
64
288
176
208
272
336
32
96
112
272
288
224
208
80
176
464
512
128
48
224
304
176
208
64
96
80
160
112
336
160
320
304
224
304
96
256
496
64
320
384
160
160
192
400
240
320
464
208
144
320
432
384
192
176
464
336
176
128
208
192
240
464
160
432
272
304
0
160
288
176
208
384
320
320
368
272
304
16
304
320
128
448
416
160
96
192
80
320
64
208
208
192
256
256
384
160
400
48
320
192
336
224
192
32
80
272
16
320
272
288
144
208
96
320
224
144
96
160
96
304
320
0
128
336
352
160
272
352
208
224
144
336
336
400
176
288
288
48
48
160
208
256
288
320
192
272
304
208
0
96
208
80
160
336
48
272
272
0
320
0
208
192
336
128
32
128
208
304
208
400
128
304
0
336
32
64
272
80
64
96
352
272
192
432
288
208
432
64
256
384
528
224
0
224
272
304
288
208
48
352
368
400
240
256
304
208
224
160
256
336
352
288
224
176
416
192
288
48
96
208
160
64
96
352
288
